108 108 0		0.1722438 0.1722438 0.0000000
108 108 1		0.1722438 0.1722438 0.3926991
110 109 1		0.1754188 0.1738312 0.3926991
112 110 1		0.1785937 0.1754188 0.3926991
118 113 1		0.1881188 0.1801813 0.3926991
124 116 1		0.1976438 0.1849437 0.3926991
130 119 1		0.2071688 0.1897062 0.3926991
136 122 1		0.2166937 0.1944687 0.3926991
142 125 1		0.2262187 0.1992312 0.3926991
148 128 1		0.2357438 0.2039938 0.3926991
154 131 1		0.2452688 0.2087563 0.3926991
160 134 1		0.2547937 0.2135188 0.3926991
166 137 1		0.2643187 0.2182813 0.3926991
172 140 1		0.2738437 0.2230438 0.3926991
178 143 1		0.2833687 0.2278062 0.3926991
184 146 1		0.2928937 0.2325687 0.3926991
190 149 1		0.3024187 0.2373312 0.3926991
196 152 1		0.3119437 0.2420937 0.3926991
202 155 1		0.3214687 0.2468562 0.3926991
208 158 1		0.3309937 0.2516187 0.3926991
214 161 1		0.3405187 0.2563812 0.3926991
220 164 1		0.3500437 0.2611437 0.3926991
226 167 1		0.3595687 0.2659062 0.3926991
232 170 1		0.3690937 0.2706687 0.3926991
238 173 1		0.3786187 0.2754312 0.3926991
244 176 1		0.3881437 0.2801937 0.3926991
250 179 1		0.3976687 0.2849562 0.3926991
256 182 1		0.4071937 0.2897187 0.3926991
262 185 1		0.4167187 0.2944812 0.3926991
268 188 1		0.4262437 0.2992437 0.3926991
274 191 1		0.4357687 0.3040062 0.3926991
280 194 1		0.4452937 0.3087687 0.3926991
286 197 1		0.4548187 0.3135312 0.3926991
292 200 1		0.4643437 0.3182937 0.3926991
292 200 0		0.4643437 0.3182937 0.0000000
293 200 0		0.4659312 0.3182937 0.0000000
294 200 0		0.4675187 0.3182937 0.0000000
295 200 0		0.4691062 0.3182937 0.0000000
296 200 0		0.4706937 0.3182937 0.0000000
304 200 0		0.4833937 0.3182937 0.0000000
312 200 0		0.4960937 0.3182937 0.0000000
320 200 0		0.5087938 0.3182937 0.0000000
328 200 0		0.5214937 0.3182937 0.0000000
336 200 0		0.5341938 0.3182937 0.0000000
344 200 0		0.5468938 0.3182937 0.0000000
352 200 0		0.5595938 0.3182937 0.0000000
360 200 0		0.5722938 0.3182937 0.0000000
368 200 0		0.5849937 0.3182937 0.0000000
376 200 0		0.5976938 0.3182937 0.0000000
384 200 0		0.6103937 0.3182937 0.0000000
392 200 0		0.6230938 0.3182937 0.0000000
400 200 0		0.6357938 0.3182937 0.0000000
408 200 0		0.6484937 0.3182937 0.0000000
416 200 0		0.6611938 0.3182937 0.0000000
424 200 0		0.6738937 0.3182937 0.0000000
432 200 0		0.6865938 0.3182937 0.0000000
440 200 0		0.6992938 0.3182937 0.0000000
448 200 0		0.7119937 0.3182937 0.0000000
456 200 0		0.7246938 0.3182937 0.0000000
464 200 0		0.7373937 0.3182937 0.0000000
472 200 0		0.7500938 0.3182937 0.0000000
480 200 0		0.7627938 0.3182937 0.0000000
488 200 0		0.7754937 0.3182937 0.0000000
496 200 0		0.7881938 0.3182937 0.0000000
504 200 0		0.8008937 0.3182937 0.0000000
512 200 0		0.8135938 0.3182937 0.0000000
520 200 0		0.8262938 0.3182937 0.0000000
528 200 0		0.8389937 0.3182937 0.0000000
536 200 0		0.8516938 0.3182937 0.0000000
544 200 0		0.8643937 0.3182937 0.0000000
552 200 0		0.8770938 0.3182937 0.0000000
560 200 0		0.8897938 0.3182937 0.0000000
568 200 0		0.9024937 0.3182937 0.0000000
576 200 0		0.9151938 0.3182937 0.0000000
584 200 0		0.9278937 0.3182937 0.0000000
592 200 0		0.9405938 0.3182937 0.0000000
600 200 0		0.9532938 0.3182937 0.0000000
608 200 0		0.9659937 0.3182937 0.0000000
616 200 0		0.9786938 0.3182937 0.0000000
624 200 0		0.9913937 0.3182937 0.0000000
632 200 0		1.0040937 0.3182937 0.0000000
640 200 0		1.0167937 0.3182937 0.0000000
648 200 0		1.0294937 0.3182937 0.0000000
656 200 0		1.0421937 0.3182937 0.0000000
664 200 0		1.0548937 0.3182937 0.0000000
672 200 0		1.0675937 0.3182937 0.0000000
680 200 0		1.0802937 0.3182937 0.0000000
688 200 0		1.0929937 0.3182937 0.0000000
696 200 0		1.1056937 0.3182937 0.0000000
704 200 0		1.1183937 0.3182937 0.0000000
712 200 0		1.1310937 0.3182937 0.0000000
720 200 0		1.1437937 0.3182937 0.0000000
728 200 0		1.1564937 0.3182937 0.0000000
736 200 0		1.1691937 0.3182937 0.0000000
744 200 0		1.1818937 0.3182937 0.0000000
752 200 0		1.1945937 0.3182937 0.0000000
760 200 0		1.2072937 0.3182937 0.0000000
768 200 0		1.2199937 0.3182937 0.0000000
776 200 0		1.2326937 0.3182937 0.0000000
784 200 0		1.2453937 0.3182937 0.0000000
792 200 0		1.2580937 0.3182937 0.0000000
800 200 0		1.2707937 0.3182937 0.0000000
808 200 0		1.2834937 0.3182937 0.0000000
816 200 0		1.2961937 0.3182937 0.0000000
824 200 0		1.3088937 0.3182937 0.0000000
832 200 0		1.3215937 0.3182937 0.0000000
840 200 0		1.3342937 0.3182937 0.0000000
848 200 0		1.3469937 0.3182937 0.0000000
856 200 0		1.3596937 0.3182937 0.0000000
864 200 0		1.3723937 0.3182937 0.0000000
872 200 0		1.3850937 0.3182937 0.0000000
880 200 0		1.3977937 0.3182937 0.0000000
888 200 0		1.4104937 0.3182937 0.0000000
896 200 0		1.4231937 0.3182937 0.0000000
904 200 0		1.4358937 0.3182937 0.0000000
912 200 0		1.4485937 0.3182937 0.0000000
920 200 0		1.4612937 0.3182937 0.0000000
928 200 0		1.4739937 0.3182937 0.0000000
936 200 0		1.4866937 0.3182937 0.0000000
944 200 0		1.4993937 0.3182937 0.0000000
952 200 0		1.5120937 0.3182937 0.0000000
960 200 0		1.5247937 0.3182937 0.0000000
968 200 0		1.5374937 0.3182937 0.0000000
976 200 0		1.5501937 0.3182937 0.0000000
984 200 0		1.5628937 0.3182937 0.0000000
992 200 0		1.5755937 0.3182937 0.0000000
1000 200 0		1.5882937 0.3182937 0.0000000
1008 200 0		1.6009937 0.3182937 0.0000000
1016 200 0		1.6136937 0.3182937 0.0000000
1024 200 0		1.6263937 0.3182937 0.0000000
1032 200 0		1.6390937 0.3182937 0.0000000
1040 200 0		1.6517937 0.3182937 0.0000000
1048 200 0		1.6644937 0.3182937 0.0000000
1056 200 0		1.6771937 0.3182937 0.0000000
1064 200 0		1.6898937 0.3182937 0.0000000
1072 200 0		1.7025937 0.3182937 0.0000000
1080 200 0		1.7152937 0.3182937 0.0000000
1088 200 0		1.7279937 0.3182937 0.0000000
1096 200 0		1.7406937 0.3182937 0.0000000
1104 200 0		1.7533937 0.3182937 0.0000000
1112 200 0		1.7660937 0.3182937 0.0000000
1120 200 0		1.7787937 0.3182937 0.0000000
1128 200 0		1.7914937 0.3182937 0.0000000
1136 200 0		1.8041937 0.3182937 0.0000000
1144 200 0		1.8168937 0.3182937 0.0000000
1152 200 0		1.8295937 0.3182937 0.0000000
1160 200 0		1.8422937 0.3182937 0.0000000
1168 200 0		1.8549937 0.3182937 0.0000000
1176 200 0		1.8676937 0.3182937 0.0000000
1184 200 0		1.8803937 0.3182937 0.0000000
1192 200 0		1.8930937 0.3182937 0.0000000
1200 200 0		1.9057937 0.3182937 0.0000000
1208 200 0		1.9184937 0.3182937 0.0000000
1216 200 0		1.9311937 0.3182937 0.0000000
1224 200 0		1.9438937 0.3182937 0.0000000
1232 200 0		1.9565937 0.3182937 0.0000000
1240 200 0		1.9692937 0.3182937 0.0000000
1248 200 0		1.9819937 0.3182937 0.0000000
1256 200 0		1.9946937 0.3182937 0.0000000
1264 200 0		2.0073937 0.3182937 0.0000000
1272 200 0		2.0200938 0.3182937 0.0000000
1280 200 0		2.0327938 0.3182937 0.0000000
1288 200 0		2.0454937 0.3182937 0.0000000
1296 200 0		2.0581938 0.3182937 0.0000000
1304 200 0		2.0708938 0.3182937 0.0000000
1312 200 0		2.0835937 0.3182937 0.0000000
1320 200 0		2.0962938 0.3182937 0.0000000
1328 200 0		2.1089938 0.3182937 0.0000000
1336 200 0		2.1216937 0.3182937 0.0000000
1344 200 0		2.1343938 0.3182937 0.0000000
1352 200 0		2.1470938 0.3182937 0.0000000
1360 200 0		2.1597937 0.3182937 0.0000000
