resolution_m: 0.0063500000
numberofangles: 16
totalnumberofprimitives: 112
primID: 0
startangle_c: 0
endpose_c: 1 0 0
additionalactioncostmult: 1
intermediateposes: 5
0.0000000000 0.0000000000 0.0000000000
0.0015875000 0.0000000000 0.0000000000
0.0031750000 0.0000000000 0.0000000000
0.0047625000 0.0000000000 0.0000000000
0.0063500000 0.0000000000 0.0000000000
primID: 1
startangle_c: 0
endpose_c: 8 0 0
additionalactioncostmult: 1
intermediateposes: 5
0.0000000000 0.0000000000 0.0000000000
0.0127000000 0.0000000000 0.0000000000
0.0254000000 0.0000000000 0.0000000000
0.0381000000 0.0000000000 0.0000000000
0.0508000000 0.0000000000 0.0000000000
primID: 2
startangle_c: 0
endpose_c: -1 0 0
additionalactioncostmult: 4
intermediateposes: 5
0.0000000000 0.0000000000 0.0000000000
-0.0015875000 0.0000000000 0.0000000000
-0.0031750000 0.0000000000 0.0000000000
-0.0047625000 0.0000000000 0.0000000000
-0.0063500000 0.0000000000 0.0000000000
primID: 3
startangle_c: 0
endpose_c: 8 1 1
additionalactioncostmult: 10
intermediateposes: 5
0.0000000000 0.0000000000 0.0000000000
0.0129088774 -0.0000000000 0.0000000000
0.0258097474 0.0002886266 0.0832093871
0.0385398343 0.0023506013 0.2379542344
0.0508000000 0.0063500000 0.3926990817
primID: 4
startangle_c: 0
endpose_c: 8 -1 -1
additionalactioncostmult: 10
intermediateposes: 5
0.0000000000 0.0000000000 0.0000000000
0.0129088774 0.0000000000 0.0000000000
0.0258097474 -0.0002886266 -0.0832093871
0.0385398343 -0.0023506013 -0.2379542344
0.0508000000 -0.0063500000 -0.3926990817
primID: 5
startangle_c: 0
endpose_c: 0 0 1
additionalactioncostmult: 2
intermediateposes: 5
0.0000000000 0.0000000000 0.0000000000
0.0000000000 0.0000000000 0.0981747704
0.0000000000 0.0000000000 0.1963495408
0.0000000000 0.0000000000 0.2945243113
0.0000000000 0.0000000000 0.3926990817
primID: 6
startangle_c: 0
endpose_c: 0 0 -1
additionalactioncostmult: 2
intermediateposes: 5
0.0000000000 0.0000000000 0.0000000000
0.0000000000 0.0000000000 -0.0981747704
0.0000000000 0.0000000000 -0.1963495408
0.0000000000 0.0000000000 -0.2945243113
0.0000000000 0.0000000000 -0.3926990817
primID: 0
startangle_c: 1
endpose_c: 2 1 1
additionalactioncostmult: 1
intermediateposes: 5
0.0000000000 0.0000000000 0.3926990817
0.0031750000 0.0015875000 0.3926990817
0.0063500000 0.0031750000 0.3926990817
0.0095250000 0.0047625000 0.3926990817
0.0127000000 0.0063500000 0.3926990817
primID: 1
startangle_c: 1
endpose_c: 6 3 1
additionalactioncostmult: 1
intermediateposes: 5
0.0000000000 0.0000000000 0.3926990817
0.0095250000 0.0047625000 0.3926990817
0.0190500000 0.0095250000 0.3926990817
0.0285750000 0.0142875000 0.3926990817
0.0381000000 0.0190500000 0.3926990817
primID: 2
startangle_c: 1
endpose_c: -2 -1 1
additionalactioncostmult: 4
intermediateposes: 5
0.0000000000 0.0000000000 0.3926990817
-0.0031750000 -0.0015875000 0.3926990817
-0.0063500000 -0.0031750000 0.3926990817
-0.0095250000 -0.0047625000 0.3926990817
-0.0127000000 -0.0063500000 0.3926990817
primID: 3
startangle_c: 1
endpose_c: 5 4 2
additionalactioncostmult: 10
intermediateposes: 5
0.0000000000 0.0000000000 0.3926990817
0.0084393322 0.0054450332 0.4608770054
0.0165714624 0.0115087497 0.5290549290
0.0243549564 0.0181687840 0.5972328527
0.0317500000 0.0254000000 0.6654107763
primID: 4
startangle_c: 1
endpose_c: 7 2 0
additionalactioncostmult: 10
intermediateposes: 5
0.0000000000 0.0000000000 0.3926990817
0.0107680132 0.0044602571 0.3926990817
0.0215763615 0.0088177071 0.3362512304
0.0328496171 0.0117225357 0.1681256152
0.0444500000 0.0127000000 0.0000000000
primID: 5
startangle_c: 1
endpose_c: 0 0 2
additionalactioncostmult: 2
intermediateposes: 5
0.0000000000 0.0000000000 0.3926990817
0.0000000000 0.0000000000 0.4908738521
0.0000000000 0.0000000000 0.5890486225
0.0000000000 0.0000000000 0.6872233930
0.0000000000 0.0000000000 0.7853981634
primID: 6
startangle_c: 1
endpose_c: 0 0 0
additionalactioncostmult: 2
intermediateposes: 5
0.0000000000 0.0000000000 0.3926990817
0.0000000000 0.0000000000 0.2945243113
0.0000000000 0.0000000000 0.1963495408
0.0000000000 0.0000000000 0.0981747704
0.0000000000 0.0000000000 0.0000000000
primID: 0
startangle_c: 2
endpose_c: 1 1 2
additionalactioncostmult: 1
intermediateposes: 5
0.0000000000 0.0000000000 0.7853981634
0.0015875000 0.0015875000 0.7853981634
0.0031750000 0.0031750000 0.7853981634
0.0047625000 0.0047625000 0.7853981634
0.0063500000 0.0063500000 0.7853981634
primID: 1
startangle_c: 2
endpose_c: 6 6 2
additionalactioncostmult: 1
intermediateposes: 5
0.0000000000 0.0000000000 0.7853981634
0.0095250000 0.0095250000 0.7853981634
0.0190500000 0.0190500000 0.7853981634
0.0285750000 0.0285750000 0.7853981634
0.0381000000 0.0381000000 0.7853981634
primID: 2
startangle_c: 2
endpose_c: -1 -1 2
additionalactioncostmult: 4
intermediateposes: 5
0.0000000000 0.0000000000 0.7853981634
-0.0015875000 -0.0015875000 0.7853981634
-0.0031750000 -0.0031750000 0.7853981634
-0.0047625000 -0.0047625000 0.7853981634
-0.0063500000 -0.0063500000 0.7853981634
primID: 3
startangle_c: 2
endpose_c: 5 7 3
additionalactioncostmult: 10
intermediateposes: 5
0.0000000000 0.0000000000 0.7853981634
0.0096569558 0.0098086426 0.8280434044
0.0183549732 0.0204682075 0.9447280180
0.0257528580 0.0320679114 1.0614126315
0.0317500000 0.0444500000 1.1780972451
primID: 4
startangle_c: 2
endpose_c: 7 5 1
additionalactioncostmult: 10
intermediateposes: 5
0.0000000000 0.0000000000 0.7853981634
0.0098086426 0.0096569558 0.7427529224
0.0204682075 0.0183549732 0.6260683088
0.0320679114 0.0257528580 0.5093836953
0.0444500000 0.0317500000 0.3926990817
primID: 5
startangle_c: 2
endpose_c: 0 0 3
additionalactioncostmult: 2
intermediateposes: 5
0.0000000000 0.0000000000 0.7853981634
0.0000000000 0.0000000000 0.8835729338
0.0000000000 0.0000000000 0.9817477042
0.0000000000 0.0000000000 1.0799224747
0.0000000000 0.0000000000 1.1780972451
primID: 6
startangle_c: 2
endpose_c: 0 0 1
additionalactioncostmult: 2
intermediateposes: 5
0.0000000000 0.0000000000 0.7853981634
0.0000000000 0.0000000000 0.6872233930
0.0000000000 0.0000000000 0.5890486225
0.0000000000 0.0000000000 0.4908738521
0.0000000000 0.0000000000 0.3926990817
primID: 0
startangle_c: 3
endpose_c: 1 2 3
additionalactioncostmult: 1
intermediateposes: 5
0.0000000000 0.0000000000 1.1780972451
0.0015875000 0.0031750000 1.1780972451
0.0031750000 0.0063500000 1.1780972451
0.0047625000 0.0095250000 1.1780972451
0.0063500000 0.0127000000 1.1780972451
primID: 1
startangle_c: 3
endpose_c: 3 6 3
additionalactioncostmult: 1
intermediateposes: 5
0.0000000000 0.0000000000 1.1780972451
0.0047625000 0.0095250000 1.1780972451
0.0095250000 0.0190500000 1.1780972451
0.0142875000 0.0285750000 1.1780972451
0.0190500000 0.0381000000 1.1780972451
primID: 2
startangle_c: 3
endpose_c: -1 -2 3
additionalactioncostmult: 4
intermediateposes: 5
0.0000000000 0.0000000000 1.1780972451
-0.0015875000 -0.0031750000 1.1780972451
-0.0031750000 -0.0063500000 1.1780972451
-0.0047625000 -0.0095250000 1.1780972451
-0.0063500000 -0.0127000000 1.1780972451
primID: 3
startangle_c: 3
endpose_c: 4 5 2
additionalactioncostmult: 10
intermediateposes: 5
0.0000000000 0.0000000000 1.1780972451
0.0054450332 0.0084393322 1.1099193214
0.0115087497 0.0165714624 1.0417413978
0.0181687840 0.0243549564 0.9735634741
0.0254000000 0.0317500000 0.9053855505
primID: 4
startangle_c: 3
endpose_c: 2 7 4
additionalactioncostmult: 10
intermediateposes: 5
0.0000000000 0.0000000000 1.1780972451
0.0044602571 0.0107680132 1.1780972451
0.0088177071 0.0215763615 1.2345450964
0.0117225357 0.0328496171 1.4026707116
0.0127000000 0.0444500000 1.5707963268
primID: 5
startangle_c: 3
endpose_c: 0 0 2
additionalactioncostmult: 2
intermediateposes: 5
0.0000000000 0.0000000000 1.1780972451
0.0000000000 0.0000000000 1.0799224747
0.0000000000 0.0000000000 0.9817477042
0.0000000000 0.0000000000 0.8835729338
0.0000000000 0.0000000000 0.7853981634
primID: 6
startangle_c: 3
endpose_c: 0 0 4
additionalactioncostmult: 2
intermediateposes: 5
0.0000000000 0.0000000000 1.1780972451
0.0000000000 0.0000000000 1.2762720155
0.0000000000 0.0000000000 1.3744467859
0.0000000000 0.0000000000 1.4726215564
0.0000000000 0.0000000000 1.5707963268
primID: 0
startangle_c: 4
endpose_c: 0 1 4
additionalactioncostmult: 1
intermediateposes: 5
0.0000000000 0.0000000000 1.5707963268
0.0000000000 0.0015875000 1.5707963268
0.0000000000 0.0031750000 1.5707963268
0.0000000000 0.0047625000 1.5707963268
0.0000000000 0.0063500000 1.5707963268
primID: 1
startangle_c: 4
endpose_c: 0 8 4
additionalactioncostmult: 1
intermediateposes: 5
0.0000000000 0.0000000000 1.5707963268
0.0000000000 0.0127000000 1.5707963268
0.0000000000 0.0254000000 1.5707963268
0.0000000000 0.0381000000 1.5707963268
0.0000000000 0.0508000000 1.5707963268
primID: 2
startangle_c: 4
endpose_c: 0 -1 4
additionalactioncostmult: 4
intermediateposes: 5
0.0000000000 0.0000000000 1.5707963268
0.0000000000 -0.0015875000 1.5707963268
0.0000000000 -0.0031750000 1.5707963268
0.0000000000 -0.0047625000 1.5707963268
0.0000000000 -0.0063500000 1.5707963268
primID: 3
startangle_c: 4
endpose_c: -1 8 5
additionalactioncostmult: 10
intermediateposes: 5
0.0000000000 0.0000000000 1.5707963268
0.0000000000 0.0129088774 1.5707963268
-0.0002886266 0.0258097474 1.6540057139
-0.0023506013 0.0385398343 1.8087505612
-0.0063500000 0.0508000000 1.9634954085
primID: 4
startangle_c: 4
endpose_c: 1 8 3
additionalactioncostmult: 10
intermediateposes: 5
0.0000000000 0.0000000000 1.5707963268
-0.0000000000 0.0129088774 1.5707963268
0.0002886266 0.0258097474 1.4875869397
0.0023506013 0.0385398343 1.3328420924
0.0063500000 0.0508000000 1.1780972451
primID: 5
startangle_c: 4
endpose_c: 0 0 5
additionalactioncostmult: 2
intermediateposes: 5
0.0000000000 0.0000000000 1.5707963268
0.0000000000 0.0000000000 1.6689710972
0.0000000000 0.0000000000 1.7671458676
0.0000000000 0.0000000000 1.8653206381
0.0000000000 0.0000000000 1.9634954085
primID: 6
startangle_c: 4
endpose_c: 0 0 3
additionalactioncostmult: 2
intermediateposes: 5
0.0000000000 0.0000000000 1.5707963268
0.0000000000 0.0000000000 1.4726215564
0.0000000000 0.0000000000 1.3744467859
0.0000000000 0.0000000000 1.2762720155
0.0000000000 0.0000000000 1.1780972451
primID: 0
startangle_c: 5
endpose_c: -1 2 5
additionalactioncostmult: 1
intermediateposes: 5
0.0000000000 0.0000000000 1.9634954085
-0.0015875000 0.0031750000 1.9634954085
-0.0031750000 0.0063500000 1.9634954085
-0.0047625000 0.0095250000 1.9634954085
-0.0063500000 0.0127000000 1.9634954085
primID: 1
startangle_c: 5
endpose_c: -3 6 5
additionalactioncostmult: 1
intermediateposes: 5
0.0000000000 0.0000000000 1.9634954085
-0.0047625000 0.0095250000 1.9634954085
-0.0095250000 0.0190500000 1.9634954085
-0.0142875000 0.0285750000 1.9634954085
-0.0190500000 0.0381000000 1.9634954085
primID: 2
startangle_c: 5
endpose_c: 1 -2 5
additionalactioncostmult: 4
intermediateposes: 5
0.0000000000 0.0000000000 1.9634954085
0.0015875000 -0.0031750000 1.9634954085
0.0031750000 -0.0063500000 1.9634954085
0.0047625000 -0.0095250000 1.9634954085
0.0063500000 -0.0127000000 1.9634954085
primID: 3
startangle_c: 5
endpose_c: -4 5 6
additionalactioncostmult: 10
intermediateposes: 5
0.0000000000 0.0000000000 1.9634954085
-0.0054450332 0.0084393322 2.0316733322
-0.0115087497 0.0165714624 2.0998512558
-0.0181687840 0.0243549564 2.1680291795
-0.0254000000 0.0317500000 2.2362071031
primID: 4
startangle_c: 5
endpose_c: -2 7 4
additionalactioncostmult: 10
intermediateposes: 5
0.0000000000 0.0000000000 1.9634954085
-0.0044602571 0.0107680132 1.9634954085
-0.0088177071 0.0215763615 1.9070475572
-0.0117225357 0.0328496171 1.7389219420
-0.0127000000 0.0444500000 1.5707963268
primID: 5
startangle_c: 5
endpose_c: 0 0 6
additionalactioncostmult: 2
intermediateposes: 5
0.0000000000 0.0000000000 1.9634954085
0.0000000000 0.0000000000 2.0616701789
0.0000000000 0.0000000000 2.1598449493
0.0000000000 0.0000000000 2.2580197198
0.0000000000 0.0000000000 2.3561944902
primID: 6
startangle_c: 5
endpose_c: 0 0 4
additionalactioncostmult: 2
intermediateposes: 5
0.0000000000 0.0000000000 1.9634954085
0.0000000000 0.0000000000 1.8653206381
0.0000000000 0.0000000000 1.7671458676
0.0000000000 0.0000000000 1.6689710972
0.0000000000 0.0000000000 1.5707963268
primID: 0
startangle_c: 6
endpose_c: -1 1 6
additionalactioncostmult: 1
intermediateposes: 5
0.0000000000 0.0000000000 2.3561944902
-0.0015875000 0.0015875000 2.3561944902
-0.0031750000 0.0031750000 2.3561944902
-0.0047625000 0.0047625000 2.3561944902
-0.0063500000 0.0063500000 2.3561944902
primID: 1
startangle_c: 6
endpose_c: -6 6 6
additionalactioncostmult: 1
intermediateposes: 5
0.0000000000 0.0000000000 2.3561944902
-0.0095250000 0.0095250000 2.3561944902
-0.0190500000 0.0190500000 2.3561944902
-0.0285750000 0.0285750000 2.3561944902
-0.0381000000 0.0381000000 2.3561944902
primID: 2
startangle_c: 6
endpose_c: 1 -1 6
additionalactioncostmult: 4
intermediateposes: 5
0.0000000000 0.0000000000 2.3561944902
0.0015875000 -0.0015875000 2.3561944902
0.0031750000 -0.0031750000 2.3561944902
0.0047625000 -0.0047625000 2.3561944902
0.0063500000 -0.0063500000 2.3561944902
primID: 3
startangle_c: 6
endpose_c: -7 5 7
additionalactioncostmult: 10
intermediateposes: 5
0.0000000000 0.0000000000 2.3561944902
-0.0098086426 0.0096569558 2.3988397312
-0.0204682075 0.0183549732 2.5155243448
-0.0320679114 0.0257528580 2.6322089583
-0.0444500000 0.0317500000 2.7488935719
primID: 4
startangle_c: 6
endpose_c: -5 7 5
additionalactioncostmult: 10
intermediateposes: 5
0.0000000000 0.0000000000 2.3561944902
-0.0096569558 0.0098086426 2.3135492492
-0.0183549732 0.0204682075 2.1968646356
-0.0257528580 0.0320679114 2.0801800221
-0.0317500000 0.0444500000 1.9634954085
primID: 5
startangle_c: 6
endpose_c: 0 0 7
additionalactioncostmult: 2
intermediateposes: 5
0.0000000000 0.0000000000 2.3561944902
0.0000000000 0.0000000000 2.4543692606
0.0000000000 0.0000000000 2.5525440310
0.0000000000 0.0000000000 2.6507188015
0.0000000000 0.0000000000 2.7488935719
primID: 6
startangle_c: 6
endpose_c: 0 0 5
additionalactioncostmult: 2
intermediateposes: 5
0.0000000000 0.0000000000 2.3561944902
0.0000000000 0.0000000000 2.2580197198
0.0000000000 0.0000000000 2.1598449493
0.0000000000 0.0000000000 2.0616701789
0.0000000000 0.0000000000 1.9634954085
primID: 0
startangle_c: 7
endpose_c: -2 1 7
additionalactioncostmult: 1
intermediateposes: 5
0.0000000000 0.0000000000 2.7488935719
-0.0031750000 0.0015875000 2.7488935719
-0.0063500000 0.0031750000 2.7488935719
-0.0095250000 0.0047625000 2.7488935719
-0.0127000000 0.0063500000 2.7488935719
primID: 1
startangle_c: 7
endpose_c: -6 3 7
additionalactioncostmult: 1
intermediateposes: 5
0.0000000000 0.0000000000 2.7488935719
-0.0095250000 0.0047625000 2.7488935719
-0.0190500000 0.0095250000 2.7488935719
-0.0285750000 0.0142875000 2.7488935719
-0.0381000000 0.0190500000 2.7488935719
primID: 2
startangle_c: 7
endpose_c: 2 -1 7
additionalactioncostmult: 4
intermediateposes: 5
0.0000000000 0.0000000000 2.7488935719
0.0031750000 -0.0015875000 2.7488935719
0.0063500000 -0.0031750000 2.7488935719
0.0095250000 -0.0047625000 2.7488935719
0.0127000000 -0.0063500000 2.7488935719
primID: 3
startangle_c: 7
endpose_c: -5 4 6
additionalactioncostmult: 10
intermediateposes: 5
0.0000000000 0.0000000000 2.7488935719
-0.0084393322 0.0054450332 2.6807156482
-0.0165714624 0.0115087497 2.6125377246
-0.0243549564 0.0181687840 2.5443598009
-0.0317500000 0.0254000000 2.4761818773
primID: 4
startangle_c: 7
endpose_c: -7 2 8
additionalactioncostmult: 10
intermediateposes: 5
0.0000000000 0.0000000000 2.7488935719
-0.0107680132 0.0044602571 2.7488935719
-0.0215763615 0.0088177071 2.8053414232
-0.0328496171 0.0117225357 2.9734670384
-0.0444500000 0.0127000000 3.1415926536
primID: 5
startangle_c: 7
endpose_c: 0 0 6
additionalactioncostmult: 2
intermediateposes: 5
0.0000000000 0.0000000000 2.7488935719
0.0000000000 0.0000000000 2.6507188015
0.0000000000 0.0000000000 2.5525440310
0.0000000000 0.0000000000 2.4543692606
0.0000000000 0.0000000000 2.3561944902
primID: 6
startangle_c: 7
endpose_c: 0 0 8
additionalactioncostmult: 2
intermediateposes: 5
0.0000000000 0.0000000000 2.7488935719
0.0000000000 0.0000000000 2.8470683423
0.0000000000 0.0000000000 2.9452431127
0.0000000000 0.0000000000 3.0434178832
0.0000000000 0.0000000000 3.1415926536
primID: 0
startangle_c: 8
endpose_c: -1 0 8
additionalactioncostmult: 1
intermediateposes: 5
0.0000000000 0.0000000000 3.1415926536
-0.0015875000 0.0000000000 3.1415926536
-0.0031750000 0.0000000000 3.1415926536
-0.0047625000 0.0000000000 3.1415926536
-0.0063500000 0.0000000000 3.1415926536
primID: 1
startangle_c: 8
endpose_c: -8 0 8
additionalactioncostmult: 1
intermediateposes: 5
0.0000000000 0.0000000000 3.1415926536
-0.0127000000 0.0000000000 3.1415926536
-0.0254000000 0.0000000000 3.1415926536
-0.0381000000 0.0000000000 3.1415926536
-0.0508000000 0.0000000000 3.1415926536
primID: 2
startangle_c: 8
endpose_c: 1 0 8
additionalactioncostmult: 4
intermediateposes: 5
0.0000000000 0.0000000000 3.1415926536
0.0015875000 0.0000000000 3.1415926536
0.0031750000 0.0000000000 3.1415926536
0.0047625000 0.0000000000 3.1415926536
0.0063500000 0.0000000000 3.1415926536
primID: 3
startangle_c: 8
endpose_c: -8 -1 9
additionalactioncostmult: 10
intermediateposes: 5
0.0000000000 0.0000000000 3.1415926536
-0.0129088774 0.0000000000 3.1415926536
-0.0258097474 -0.0002886266 3.2248020407
-0.0385398343 -0.0023506013 3.3795468880
-0.0508000000 -0.0063500000 3.5342917353
primID: 4
startangle_c: 8
endpose_c: -8 1 7
additionalactioncostmult: 10
intermediateposes: 5
0.0000000000 0.0000000000 3.1415926536
-0.0129088774 0.0000000000 3.1415926536
-0.0258097474 0.0002886266 3.0583832665
-0.0385398343 0.0023506013 2.9036384192
-0.0508000000 0.0063500000 2.7488935719
primID: 5
startangle_c: 8
endpose_c: 0 0 9
additionalactioncostmult: 2
intermediateposes: 5
0.0000000000 0.0000000000 3.1415926536
0.0000000000 0.0000000000 3.2397674240
0.0000000000 0.0000000000 3.3379421944
0.0000000000 0.0000000000 3.4361169649
0.0000000000 0.0000000000 3.5342917353
primID: 6
startangle_c: 8
endpose_c: 0 0 7
additionalactioncostmult: 2
intermediateposes: 5
0.0000000000 0.0000000000 3.1415926536
0.0000000000 0.0000000000 3.0434178832
0.0000000000 0.0000000000 2.9452431127
0.0000000000 0.0000000000 2.8470683423
0.0000000000 0.0000000000 2.7488935719
primID: 0
startangle_c: 9
endpose_c: -2 -1 9
additionalactioncostmult: 1
intermediateposes: 5
0.0000000000 0.0000000000 3.5342917353
-0.0031750000 -0.0015875000 3.5342917353
-0.0063500000 -0.0031750000 3.5342917353
-0.0095250000 -0.0047625000 3.5342917353
-0.0127000000 -0.0063500000 3.5342917353
primID: 1
startangle_c: 9
endpose_c: -6 -3 9
additionalactioncostmult: 1
intermediateposes: 5
0.0000000000 0.0000000000 3.5342917353
-0.0095250000 -0.0047625000 3.5342917353
-0.0190500000 -0.0095250000 3.5342917353
-0.0285750000 -0.0142875000 3.5342917353
-0.0381000000 -0.0190500000 3.5342917353
primID: 2
startangle_c: 9
endpose_c: 2 1 9
additionalactioncostmult: 4
intermediateposes: 5
0.0000000000 0.0000000000 3.5342917353
0.0031750000 0.0015875000 3.5342917353
0.0063500000 0.0031750000 3.5342917353
0.0095250000 0.0047625000 3.5342917353
0.0127000000 0.0063500000 3.5342917353
primID: 3
startangle_c: 9
endpose_c: -5 -4 10
additionalactioncostmult: 10
intermediateposes: 5
0.0000000000 0.0000000000 3.5342917353
-0.0084393322 -0.0054450332 3.6024696589
-0.0165714624 -0.0115087497 3.6706475826
-0.0243549564 -0.0181687840 3.7388255063
-0.0317500000 -0.0254000000 3.8070034299
primID: 4
startangle_c: 9
endpose_c: -7 -2 8
additionalactioncostmult: 10
intermediateposes: 5
0.0000000000 0.0000000000 3.5342917353
-0.0107680132 -0.0044602571 3.5342917353
-0.0215763615 -0.0088177071 3.4778438840
-0.0328496171 -0.0117225357 3.3097182688
-0.0444500000 -0.0127000000 3.1415926536
primID: 5
startangle_c: 9
endpose_c: 0 0 10
additionalactioncostmult: 2
intermediateposes: 5
0.0000000000 0.0000000000 3.5342917353
0.0000000000 0.0000000000 3.6324665057
0.0000000000 0.0000000000 3.7306412761
0.0000000000 0.0000000000 3.8288160466
0.0000000000 0.0000000000 3.9269908170
primID: 6
startangle_c: 9
endpose_c: 0 0 8
additionalactioncostmult: 2
intermediateposes: 5
0.0000000000 0.0000000000 3.5342917353
0.0000000000 0.0000000000 3.4361169649
0.0000000000 0.0000000000 3.3379421944
0.0000000000 0.0000000000 3.2397674240
0.0000000000 0.0000000000 3.1415926536
primID: 0
startangle_c: 10
endpose_c: -1 -1 10
additionalactioncostmult: 1
intermediateposes: 5
0.0000000000 0.0000000000 3.9269908170
-0.0015875000 -0.0015875000 3.9269908170
-0.0031750000 -0.0031750000 3.9269908170
-0.0047625000 -0.0047625000 3.9269908170
-0.0063500000 -0.0063500000 3.9269908170
primID: 1
startangle_c: 10
endpose_c: -6 -6 10
additionalactioncostmult: 1
intermediateposes: 5
0.0000000000 0.0000000000 3.9269908170
-0.0095250000 -0.0095250000 3.9269908170
-0.0190500000 -0.0190500000 3.9269908170
-0.0285750000 -0.0285750000 3.9269908170
-0.0381000000 -0.0381000000 3.9269908170
primID: 2
startangle_c: 10
endpose_c: 1 1 10
additionalactioncostmult: 4
intermediateposes: 5
0.0000000000 0.0000000000 3.9269908170
0.0015875000 0.0015875000 3.9269908170
0.0031750000 0.0031750000 3.9269908170
0.0047625000 0.0047625000 3.9269908170
0.0063500000 0.0063500000 3.9269908170
primID: 3
startangle_c: 10
endpose_c: -5 -7 11
additionalactioncostmult: 10
intermediateposes: 5
0.0000000000 0.0000000000 3.9269908170
-0.0096569558 -0.0098086426 3.9696360580
-0.0183549732 -0.0204682075 4.0863206716
-0.0257528580 -0.0320679114 4.2030052851
-0.0317500000 -0.0444500000 4.3196898987
primID: 4
startangle_c: 10
endpose_c: -7 -5 9
additionalactioncostmult: 10
intermediateposes: 5
0.0000000000 0.0000000000 3.9269908170
-0.0098086426 -0.0096569558 3.8843455760
-0.0204682075 -0.0183549732 3.7676609624
-0.0320679114 -0.0257528580 3.6509763489
-0.0444500000 -0.0317500000 3.5342917353
primID: 5
startangle_c: 10
endpose_c: 0 0 11
additionalactioncostmult: 2
intermediateposes: 5
0.0000000000 0.0000000000 3.9269908170
0.0000000000 0.0000000000 4.0251655874
0.0000000000 0.0000000000 4.1233403578
0.0000000000 0.0000000000 4.2215151283
0.0000000000 0.0000000000 4.3196898987
primID: 6
startangle_c: 10
endpose_c: 0 0 9
additionalactioncostmult: 2
intermediateposes: 5
0.0000000000 0.0000000000 3.9269908170
0.0000000000 0.0000000000 3.8288160466
0.0000000000 0.0000000000 3.7306412761
0.0000000000 0.0000000000 3.6324665057
0.0000000000 0.0000000000 3.5342917353
primID: 0
startangle_c: 11
endpose_c: -1 -2 11
additionalactioncostmult: 1
intermediateposes: 5
0.0000000000 0.0000000000 4.3196898987
-0.0015875000 -0.0031750000 4.3196898987
-0.0031750000 -0.0063500000 4.3196898987
-0.0047625000 -0.0095250000 4.3196898987
-0.0063500000 -0.0127000000 4.3196898987
primID: 1
startangle_c: 11
endpose_c: -3 -6 11
additionalactioncostmult: 1
intermediateposes: 5
0.0000000000 0.0000000000 4.3196898987
-0.0047625000 -0.0095250000 4.3196898987
-0.0095250000 -0.0190500000 4.3196898987
-0.0142875000 -0.0285750000 4.3196898987
-0.0190500000 -0.0381000000 4.3196898987
primID: 2
startangle_c: 11
endpose_c: 1 2 11
additionalactioncostmult: 4
intermediateposes: 5
0.0000000000 0.0000000000 4.3196898987
0.0015875000 0.0031750000 4.3196898987
0.0031750000 0.0063500000 4.3196898987
0.0047625000 0.0095250000 4.3196898987
0.0063500000 0.0127000000 4.3196898987
primID: 3
startangle_c: 11
endpose_c: -4 -5 10
additionalactioncostmult: 10
intermediateposes: 5
0.0000000000 0.0000000000 4.3196898987
-0.0054450332 -0.0084393322 4.2515119750
-0.0115087497 -0.0165714624 4.1833340514
-0.0181687840 -0.0243549564 4.1151561277
-0.0254000000 -0.0317500000 4.0469782041
primID: 4
startangle_c: 11
endpose_c: -2 -7 12
additionalactioncostmult: 10
intermediateposes: 5
0.0000000000 0.0000000000 4.3196898987
-0.0044602571 -0.0107680132 4.3196898987
-0.0088177071 -0.0215763615 4.3761377500
-0.0117225357 -0.0328496171 4.5442633652
-0.0127000000 -0.0444500000 4.7123889804
primID: 5
startangle_c: 11
endpose_c: 0 0 10
additionalactioncostmult: 2
intermediateposes: 5
0.0000000000 0.0000000000 4.3196898987
0.0000000000 0.0000000000 4.2215151283
0.0000000000 0.0000000000 4.1233403578
0.0000000000 0.0000000000 4.0251655874
0.0000000000 0.0000000000 3.9269908170
primID: 6
startangle_c: 11
endpose_c: 0 0 12
additionalactioncostmult: 2
intermediateposes: 5
0.0000000000 0.0000000000 4.3196898987
0.0000000000 0.0000000000 4.4178646691
0.0000000000 0.0000000000 4.5160394395
0.0000000000 0.0000000000 4.6142142100
0.0000000000 0.0000000000 4.7123889804
primID: 0
startangle_c: 12
endpose_c: 0 -1 12
additionalactioncostmult: 1
intermediateposes: 5
0.0000000000 0.0000000000 4.7123889804
0.0000000000 -0.0015875000 4.7123889804
0.0000000000 -0.0031750000 4.7123889804
0.0000000000 -0.0047625000 4.7123889804
0.0000000000 -0.0063500000 4.7123889804
primID: 1
startangle_c: 12
endpose_c: 0 -8 12
additionalactioncostmult: 1
intermediateposes: 5
0.0000000000 0.0000000000 4.7123889804
0.0000000000 -0.0127000000 4.7123889804
0.0000000000 -0.0254000000 4.7123889804
0.0000000000 -0.0381000000 4.7123889804
0.0000000000 -0.0508000000 4.7123889804
primID: 2
startangle_c: 12
endpose_c: 0 1 12
additionalactioncostmult: 4
intermediateposes: 5
0.0000000000 0.0000000000 4.7123889804
0.0000000000 0.0015875000 4.7123889804
0.0000000000 0.0031750000 4.7123889804
0.0000000000 0.0047625000 4.7123889804
0.0000000000 0.0063500000 4.7123889804
primID: 3
startangle_c: 12
endpose_c: 1 -8 13
additionalactioncostmult: 10
intermediateposes: 5
0.0000000000 0.0000000000 4.7123889804
-0.0000000000 -0.0129088774 4.7123889804
0.0002886266 -0.0258097474 4.7955983675
0.0023506013 -0.0385398343 4.9503432148
0.0063500000 -0.0508000000 5.1050880621
primID: 4
startangle_c: 12
endpose_c: -1 -8 11
additionalactioncostmult: 10
intermediateposes: 5
0.0000000000 0.0000000000 4.7123889804
-0.0000000000 -0.0129088774 4.7123889804
-0.0002886266 -0.0258097474 4.6291795933
-0.0023506013 -0.0385398343 4.4744347460
-0.0063500000 -0.0508000000 4.3196898987
primID: 5
startangle_c: 12
endpose_c: 0 0 13
additionalactioncostmult: 2
intermediateposes: 5
0.0000000000 0.0000000000 4.7123889804
0.0000000000 0.0000000000 4.8105637508
0.0000000000 0.0000000000 4.9087385212
0.0000000000 0.0000000000 5.0069132917
0.0000000000 0.0000000000 5.1050880621
primID: 6
startangle_c: 12
endpose_c: 0 0 11
additionalactioncostmult: 2
intermediateposes: 5
0.0000000000 0.0000000000 4.7123889804
0.0000000000 0.0000000000 4.6142142100
0.0000000000 0.0000000000 4.5160394395
0.0000000000 0.0000000000 4.4178646691
0.0000000000 0.0000000000 4.3196898987
primID: 0
startangle_c: 13
endpose_c: 1 -2 13
additionalactioncostmult: 1
intermediateposes: 5
0.0000000000 0.0000000000 5.1050880621
0.0015875000 -0.0031750000 5.1050880621
0.0031750000 -0.0063500000 5.1050880621
0.0047625000 -0.0095250000 5.1050880621
0.0063500000 -0.0127000000 5.1050880621
primID: 1
startangle_c: 13
endpose_c: 3 -6 13
additionalactioncostmult: 1
intermediateposes: 5
0.0000000000 0.0000000000 5.1050880621
0.0047625000 -0.0095250000 5.1050880621
0.0095250000 -0.0190500000 5.1050880621
0.0142875000 -0.0285750000 5.1050880621
0.0190500000 -0.0381000000 5.1050880621
primID: 2
startangle_c: 13
endpose_c: -1 2 13
additionalactioncostmult: 4
intermediateposes: 5
0.0000000000 0.0000000000 5.1050880621
-0.0015875000 0.0031750000 5.1050880621
-0.0031750000 0.0063500000 5.1050880621
-0.0047625000 0.0095250000 5.1050880621
-0.0063500000 0.0127000000 5.1050880621
primID: 3
startangle_c: 13
endpose_c: 4 -5 14
additionalactioncostmult: 10
intermediateposes: 5
0.0000000000 0.0000000000 5.1050880621
0.0054450332 -0.0084393322 5.1732659857
0.0115087497 -0.0165714624 5.2414439094
0.0181687840 -0.0243549564 5.3096218331
0.0254000000 -0.0317500000 5.3777997567
primID: 4
startangle_c: 13
endpose_c: 2 -7 12
additionalactioncostmult: 10
intermediateposes: 5
0.0000000000 0.0000000000 5.1050880621
0.0044602571 -0.0107680132 5.1050880621
0.0088177071 -0.0215763615 5.0486402108
0.0117225357 -0.0328496171 4.8805145956
0.0127000000 -0.0444500000 4.7123889804
primID: 5
startangle_c: 13
endpose_c: 0 0 14
additionalactioncostmult: 2
intermediateposes: 5
0.0000000000 0.0000000000 5.1050880621
0.0000000000 0.0000000000 5.2032628325
0.0000000000 0.0000000000 5.3014376029
0.0000000000 0.0000000000 5.3996123734
0.0000000000 0.0000000000 5.4977871438
primID: 6
startangle_c: 13
endpose_c: 0 0 12
additionalactioncostmult: 2
intermediateposes: 5
0.0000000000 0.0000000000 5.1050880621
0.0000000000 0.0000000000 5.0069132917
0.0000000000 0.0000000000 4.9087385212
0.0000000000 0.0000000000 4.8105637508
0.0000000000 0.0000000000 4.7123889804
primID: 0
startangle_c: 14
endpose_c: 1 -1 14
additionalactioncostmult: 1
intermediateposes: 5
0.0000000000 0.0000000000 5.4977871438
0.0015875000 -0.0015875000 5.4977871438
0.0031750000 -0.0031750000 5.4977871438
0.0047625000 -0.0047625000 5.4977871438
0.0063500000 -0.0063500000 5.4977871438
primID: 1
startangle_c: 14
endpose_c: 6 -6 14
additionalactioncostmult: 1
intermediateposes: 5
0.0000000000 0.0000000000 5.4977871438
0.0095250000 -0.0095250000 5.4977871438
0.0190500000 -0.0190500000 5.4977871438
0.0285750000 -0.0285750000 5.4977871438
0.0381000000 -0.0381000000 5.4977871438
primID: 2
startangle_c: 14
endpose_c: -1 1 14
additionalactioncostmult: 4
intermediateposes: 5
0.0000000000 0.0000000000 5.4977871438
-0.0015875000 0.0015875000 5.4977871438
-0.0031750000 0.0031750000 5.4977871438
-0.0047625000 0.0047625000 5.4977871438
-0.0063500000 0.0063500000 5.4977871438
primID: 3
startangle_c: 14
endpose_c: 7 -5 15
additionalactioncostmult: 10
intermediateposes: 5
0.0000000000 0.0000000000 5.4977871438
0.0098086426 -0.0096569558 5.5404323848
0.0204682075 -0.0183549732 5.6571169983
0.0320679114 -0.0257528580 5.7738016119
0.0444500000 -0.0317500000 5.8904862255
primID: 4
startangle_c: 14
endpose_c: 5 -7 13
additionalactioncostmult: 10
intermediateposes: 5
0.0000000000 0.0000000000 5.4977871438
0.0096569558 -0.0098086426 5.4551419028
0.0183549732 -0.0204682075 5.3384572892
0.0257528580 -0.0320679114 5.2217726756
0.0317500000 -0.0444500000 5.1050880621
primID: 5
startangle_c: 14
endpose_c: 0 0 15
additionalactioncostmult: 2
intermediateposes: 5
0.0000000000 0.0000000000 5.4977871438
0.0000000000 0.0000000000 5.5959619142
0.0000000000 0.0000000000 5.6941366846
0.0000000000 0.0000000000 5.7923114551
0.0000000000 0.0000000000 5.8904862255
primID: 6
startangle_c: 14
endpose_c: 0 0 13
additionalactioncostmult: 2
intermediateposes: 5
0.0000000000 0.0000000000 5.4977871438
0.0000000000 0.0000000000 5.3996123734
0.0000000000 0.0000000000 5.3014376029
0.0000000000 0.0000000000 5.2032628325
0.0000000000 0.0000000000 5.1050880621
primID: 0
startangle_c: 15
endpose_c: 2 -1 15
additionalactioncostmult: 1
intermediateposes: 5
0.0000000000 0.0000000000 5.8904862255
0.0031750000 -0.0015875000 5.8904862255
0.0063500000 -0.0031750000 5.8904862255
0.0095250000 -0.0047625000 5.8904862255
0.0127000000 -0.0063500000 5.8904862255
primID: 1
startangle_c: 15
endpose_c: 6 -3 15
additionalactioncostmult: 1
intermediateposes: 5
0.0000000000 0.0000000000 5.8904862255
0.0095250000 -0.0047625000 5.8904862255
0.0190500000 -0.0095250000 5.8904862255
0.0285750000 -0.0142875000 5.8904862255
0.0381000000 -0.0190500000 5.8904862255
primID: 2
startangle_c: 15
endpose_c: -2 1 15
additionalactioncostmult: 4
intermediateposes: 5
0.0000000000 0.0000000000 5.8904862255
-0.0031750000 0.0015875000 5.8904862255
-0.0063500000 0.0031750000 5.8904862255
-0.0095250000 0.0047625000 5.8904862255
-0.0127000000 0.0063500000 5.8904862255
primID: 3
startangle_c: 15
endpose_c: 5 -4 14
additionalactioncostmult: 10
intermediateposes: 5
0.0000000000 0.0000000000 5.8904862255
0.0084393322 -0.0054450332 5.8223083018
0.0165714624 -0.0115087497 5.7541303782
0.0243549564 -0.0181687840 5.6859524545
0.0317500000 -0.0254000000 5.6177745308
primID: 4
startangle_c: 15
endpose_c: 7 -2 0
additionalactioncostmult: 10
intermediateposes: 5
0.0000000000 0.0000000000 5.8904862255
0.0107680132 -0.0044602571 5.8904862255
0.0215763615 -0.0088177071 5.9469340768
0.0328496171 -0.0117225357 6.1150596920
0.0444500000 -0.0127000000 6.2831853072
primID: 5
startangle_c: 15
endpose_c: 0 0 14
additionalactioncostmult: 2
intermediateposes: 5
0.0000000000 0.0000000000 5.8904862255
0.0000000000 0.0000000000 5.7923114551
0.0000000000 0.0000000000 5.6941366846
0.0000000000 0.0000000000 5.5959619142
0.0000000000 0.0000000000 5.4977871438
primID: 6
startangle_c: 15
endpose_c: 0 0 0
additionalactioncostmult: 2
intermediateposes: 5
0.0000000000 0.0000000000 5.8904862255
0.0000000000 0.0000000000 4.4178646691
0.0000000000 0.0000000000 2.9452431127
0.0000000000 0.0000000000 1.4726215564
0.0000000000 0.0000000000 0.0000000000
