resolution_m: 0.500000
numberofangles: 16
totalnumberofprimitives: 112
primID: 0
startangle_c: 0
endpose_c: 1 0 0
additionalactioncostmult: 1
intermediateposes: 10
0.0000 0.0000 0.0000
0.0556 0.0000 0.0000
0.1111 0.0000 0.0000
0.1667 0.0000 0.0000
0.2222 0.0000 0.0000
0.2778 0.0000 0.0000
0.3333 0.0000 0.0000
0.3889 0.0000 0.0000
0.4444 0.0000 0.0000
0.5000 0.0000 0.0000
primID: 1
startangle_c: 0
endpose_c: 8 0 0
additionalactioncostmult: 1
intermediateposes: 10
0.0000 0.0000 0.0000
0.4444 0.0000 0.0000
0.8889 0.0000 0.0000
1.3333 0.0000 0.0000
1.7778 0.0000 0.0000
2.2222 0.0000 0.0000
2.6667 0.0000 0.0000
3.1111 0.0000 0.0000
3.5556 0.0000 0.0000
4.0000 0.0000 0.0000
primID: 2
startangle_c: 0
endpose_c: -1 0 0
additionalactioncostmult: 5
intermediateposes: 10
0.0000 0.0000 0.0000
-0.0556 0.0000 0.0000
-0.1111 0.0000 0.0000
-0.1667 0.0000 0.0000
-0.2222 0.0000 0.0000
-0.2778 0.0000 0.0000
-0.3333 0.0000 0.0000
-0.3889 0.0000 0.0000
-0.4444 0.0000 0.0000
-0.5000 0.0000 0.0000
primID: 3
startangle_c: 0
endpose_c: 8 1 1
additionalactioncostmult: 2
intermediateposes: 10
0.0000 0.0000 0.0000
0.4518 -0.0000 0.0000
0.9035 -0.0000 0.0000
1.3553 -0.0000 0.0000
1.8069 0.0078 0.0488
2.2570 0.0454 0.1176
2.7035 0.1137 0.1864
3.1442 0.2127 0.2551
3.5770 0.3416 0.3239
4.0000 0.5000 0.3927
primID: 4
startangle_c: 0
endpose_c: 8 -1 -1
additionalactioncostmult: 2
intermediateposes: 10
0.0000 0.0000 0.0000
0.4518 0.0000 0.0000
0.9035 0.0000 0.0000
1.3553 0.0000 0.0000
1.8069 -0.0078 -0.0488
2.2570 -0.0454 -0.1176
2.7035 -0.1137 -0.1864
3.1442 -0.2127 -0.2551
3.5770 -0.3416 -0.3239
4.0000 -0.5000 -0.3927
primID: 5
startangle_c: 0
endpose_c: 0 0 1
additionalactioncostmult: 5
intermediateposes: 10
0.0000 0.0000 0.0000
0.0000 0.0000 0.0436
0.0000 0.0000 0.0873
0.0000 0.0000 0.1309
0.0000 0.0000 0.1745
0.0000 0.0000 0.2182
0.0000 0.0000 0.2618
0.0000 0.0000 0.3054
0.0000 0.0000 0.3491
0.0000 0.0000 0.3927
primID: 6
startangle_c: 0
endpose_c: 0 0 -1
additionalactioncostmult: 5
intermediateposes: 10
0.0000 0.0000 0.0000
0.0000 0.0000 -0.0436
0.0000 0.0000 -0.0873
0.0000 0.0000 -0.1309
0.0000 0.0000 -0.1745
0.0000 0.0000 -0.2182
0.0000 0.0000 -0.2618
0.0000 0.0000 -0.3054
0.0000 0.0000 -0.3491
0.0000 0.0000 -0.3927
primID: 0
startangle_c: 1
endpose_c: 2 1 1
additionalactioncostmult: 1
intermediateposes: 10
0.0000 0.0000 0.3927
0.1111 0.0556 0.3927
0.2222 0.1111 0.3927
0.3333 0.1667 0.3927
0.4444 0.2222 0.3927
0.5556 0.2778 0.3927
0.6667 0.3333 0.3927
0.7778 0.3889 0.3927
0.8889 0.4444 0.3927
1.0000 0.5000 0.3927
primID: 1
startangle_c: 1
endpose_c: 6 3 1
additionalactioncostmult: 1
intermediateposes: 10
0.0000 0.0000 0.3927
0.3333 0.1667 0.3927
0.6667 0.3333 0.3927
1.0000 0.5000 0.3927
1.3333 0.6667 0.3927
1.6667 0.8333 0.3927
2.0000 1.0000 0.3927
2.3333 1.1667 0.3927
2.6667 1.3333 0.3927
3.0000 1.5000 0.3927
primID: 2
startangle_c: 1
endpose_c: -2 -1 1
additionalactioncostmult: 5
intermediateposes: 10
0.0000 0.0000 0.3927
-0.1111 -0.0556 0.3927
-0.2222 -0.1111 0.3927
-0.3333 -0.1667 0.3927
-0.4444 -0.2222 0.3927
-0.5556 -0.2778 0.3927
-0.6667 -0.3333 0.3927
-0.7778 -0.3889 0.3927
-0.8889 -0.4444 0.3927
-1.0000 -0.5000 0.3927
primID: 3
startangle_c: 1
endpose_c: 5 4 2
additionalactioncostmult: 2
intermediateposes: 10
0.0000 0.0000 0.3927
0.2981 0.1844 0.4230
0.5918 0.3787 0.4533
0.8808 0.5826 0.4836
1.1648 0.7960 0.5139
1.4435 1.0187 0.5442
1.7167 1.2507 0.5745
1.9840 1.4917 0.6048
2.2452 1.7415 0.6351
2.5000 2.0000 0.6654
primID: 4
startangle_c: 1
endpose_c: 7 2 0
additionalactioncostmult: 2
intermediateposes: 10
0.0000 0.0000 0.3927
0.3768 0.1561 0.3927
0.7537 0.3122 0.3927
1.1305 0.4683 0.3927
1.5077 0.6234 0.3736
1.8927 0.7580 0.2989
2.2866 0.8634 0.2242
2.6873 0.9392 0.1494
3.0925 0.9848 0.0747
3.5000 1.0000 0.0000
primID: 5
startangle_c: 1
endpose_c: 0 0 2
additionalactioncostmult: 5
intermediateposes: 10
0.0000 0.0000 0.3927
0.0000 0.0000 0.4363
0.0000 0.0000 0.4800
0.0000 0.0000 0.5236
0.0000 0.0000 0.5672
0.0000 0.0000 0.6109
0.0000 0.0000 0.6545
0.0000 0.0000 0.6981
0.0000 0.0000 0.7418
0.0000 0.0000 0.7854
primID: 6
startangle_c: 1
endpose_c: 0 0 0
additionalactioncostmult: 5
intermediateposes: 10
0.0000 0.0000 0.3927
0.0000 0.0000 0.3491
0.0000 0.0000 0.3054
0.0000 0.0000 0.2618
0.0000 0.0000 0.2182
0.0000 0.0000 0.1745
0.0000 0.0000 0.1309
0.0000 0.0000 0.0873
0.0000 0.0000 0.0436
0.0000 0.0000 0.0000
primID: 0
startangle_c: 2
endpose_c: 1 1 2
additionalactioncostmult: 1
intermediateposes: 10
0.0000 0.0000 0.7854
0.0556 0.0556 0.7854
0.1111 0.1111 0.7854
0.1667 0.1667 0.7854
0.2222 0.2222 0.7854
0.2778 0.2778 0.7854
0.3333 0.3333 0.7854
0.3889 0.3889 0.7854
0.4444 0.4444 0.7854
0.5000 0.5000 0.7854
primID: 1
startangle_c: 2
endpose_c: 6 6 2
additionalactioncostmult: 1
intermediateposes: 10
0.0000 0.0000 0.7854
0.3333 0.3333 0.7854
0.6667 0.6667 0.7854
1.0000 1.0000 0.7854
1.3333 1.3333 0.7854
1.6667 1.6667 0.7854
2.0000 2.0000 0.7854
2.3333 2.3333 0.7854
2.6667 2.6667 0.7854
3.0000 3.0000 0.7854
primID: 2
startangle_c: 2
endpose_c: -1 -1 2
additionalactioncostmult: 5
intermediateposes: 10
0.0000 0.0000 0.7854
-0.0556 -0.0556 0.7854
-0.1111 -0.1111 0.7854
-0.1667 -0.1667 0.7854
-0.2222 -0.2222 0.7854
-0.2778 -0.2778 0.7854
-0.3333 -0.3333 0.7854
-0.3889 -0.3889 0.7854
-0.4444 -0.4444 0.7854
-0.5000 -0.5000 0.7854
primID: 3
startangle_c: 2
endpose_c: 5 7 3
additionalactioncostmult: 2
intermediateposes: 10
0.0000 0.0000 0.7854
0.3406 0.3406 0.7854
0.6784 0.6842 0.8151
0.9995 1.0432 0.8669
1.3016 1.4183 0.9188
1.5839 1.8087 0.9707
1.8455 2.2131 1.0225
2.0858 2.6306 1.0744
2.3042 3.0599 1.1262
2.5000 3.5000 1.1781
primID: 4
startangle_c: 2
endpose_c: 7 5 1
additionalactioncostmult: 2
intermediateposes: 10
0.0000 0.0000 0.7854
0.3406 0.3406 0.7854
0.6842 0.6784 0.7557
1.0432 0.9995 0.7039
1.4183 1.3016 0.6520
1.8087 1.5839 0.6001
2.2131 1.8455 0.5483
2.6306 2.0858 0.4964
3.0599 2.3042 0.4446
3.5000 2.5000 0.3927
primID: 5
startangle_c: 2
endpose_c: 0 0 3
additionalactioncostmult: 5
intermediateposes: 10
0.0000 0.0000 0.7854
0.0000 0.0000 0.8290
0.0000 0.0000 0.8727
0.0000 0.0000 0.9163
0.0000 0.0000 0.9599
0.0000 0.0000 1.0036
0.0000 0.0000 1.0472
0.0000 0.0000 1.0908
0.0000 0.0000 1.1345
0.0000 0.0000 1.1781
primID: 6
startangle_c: 2
endpose_c: 0 0 1
additionalactioncostmult: 5
intermediateposes: 10
0.0000 0.0000 0.7854
0.0000 0.0000 0.7418
0.0000 0.0000 0.6981
0.0000 0.0000 0.6545
0.0000 0.0000 0.6109
0.0000 0.0000 0.5672
0.0000 0.0000 0.5236
0.0000 0.0000 0.4800
0.0000 0.0000 0.4363
0.0000 0.0000 0.3927
primID: 0
startangle_c: 3
endpose_c: 1 2 3
additionalactioncostmult: 1
intermediateposes: 10
0.0000 0.0000 1.1781
0.0556 0.1111 1.1781
0.1111 0.2222 1.1781
0.1667 0.3333 1.1781
0.2222 0.4444 1.1781
0.2778 0.5556 1.1781
0.3333 0.6667 1.1781
0.3889 0.7778 1.1781
0.4444 0.8889 1.1781
0.5000 1.0000 1.1781
primID: 1
startangle_c: 3
endpose_c: 3 6 3
additionalactioncostmult: 1
intermediateposes: 10
0.0000 0.0000 1.1781
0.1667 0.3333 1.1781
0.3333 0.6667 1.1781
0.5000 1.0000 1.1781
0.6667 1.3333 1.1781
0.8333 1.6667 1.1781
1.0000 2.0000 1.1781
1.1667 2.3333 1.1781
1.3333 2.6667 1.1781
1.5000 3.0000 1.1781
primID: 2
startangle_c: 3
endpose_c: -1 -2 3
additionalactioncostmult: 5
intermediateposes: 10
0.0000 0.0000 1.1781
-0.0556 -0.1111 1.1781
-0.1111 -0.2222 1.1781
-0.1667 -0.3333 1.1781
-0.2222 -0.4444 1.1781
-0.2778 -0.5556 1.1781
-0.3333 -0.6667 1.1781
-0.3889 -0.7778 1.1781
-0.4444 -0.8889 1.1781
-0.5000 -1.0000 1.1781
primID: 3
startangle_c: 3
endpose_c: 4 5 2
additionalactioncostmult: 2
intermediateposes: 10
0.0000 0.0000 1.1781
0.1844 0.2981 1.1478
0.3787 0.5918 1.1175
0.5826 0.8808 1.0872
0.7960 1.1648 1.0569
1.0187 1.4435 1.0266
1.2507 1.7167 0.9963
1.4917 1.9840 0.9660
1.7415 2.2452 0.9357
2.0000 2.5000 0.9054
primID: 4
startangle_c: 3
endpose_c: 2 7 4
additionalactioncostmult: 2
intermediateposes: 10
0.0000 0.0000 1.1781
0.1561 0.3768 1.1781
0.3122 0.7537 1.1781
0.4683 1.1305 1.1781
0.6234 1.5077 1.1972
0.7580 1.8927 1.2719
0.8634 2.2866 1.3466
0.9392 2.6873 1.4214
0.9848 3.0925 1.4961
1.0000 3.5000 1.5708
primID: 5
startangle_c: 3
endpose_c: 0 0 2
additionalactioncostmult: 5
intermediateposes: 10
0.0000 0.0000 1.1781
0.0000 0.0000 1.1345
0.0000 0.0000 1.0908
0.0000 0.0000 1.0472
0.0000 0.0000 1.0036
0.0000 0.0000 0.9599
0.0000 0.0000 0.9163
0.0000 0.0000 0.8727
0.0000 0.0000 0.8290
0.0000 0.0000 0.7854
primID: 6
startangle_c: 3
endpose_c: 0 0 4
additionalactioncostmult: 5
intermediateposes: 10
0.0000 0.0000 1.1781
0.0000 0.0000 1.2217
0.0000 0.0000 1.2654
0.0000 0.0000 1.3090
0.0000 0.0000 1.3526
0.0000 0.0000 1.3963
0.0000 0.0000 1.4399
0.0000 0.0000 1.4835
0.0000 0.0000 1.5272
0.0000 0.0000 1.5708
primID: 0
startangle_c: 4
endpose_c: 0 1 4
additionalactioncostmult: 1
intermediateposes: 10
0.0000 0.0000 1.5708
0.0000 0.0556 1.5708
0.0000 0.1111 1.5708
0.0000 0.1667 1.5708
0.0000 0.2222 1.5708
0.0000 0.2778 1.5708
0.0000 0.3333 1.5708
0.0000 0.3889 1.5708
0.0000 0.4444 1.5708
0.0000 0.5000 1.5708
primID: 1
startangle_c: 4
endpose_c: 0 8 4
additionalactioncostmult: 1
intermediateposes: 10
0.0000 0.0000 1.5708
0.0000 0.4444 1.5708
0.0000 0.8889 1.5708
0.0000 1.3333 1.5708
0.0000 1.7778 1.5708
0.0000 2.2222 1.5708
0.0000 2.6667 1.5708
0.0000 3.1111 1.5708
0.0000 3.5556 1.5708
0.0000 4.0000 1.5708
primID: 2
startangle_c: 4
endpose_c: 0 -1 4
additionalactioncostmult: 5
intermediateposes: 10
0.0000 0.0000 1.5708
0.0000 -0.0556 1.5708
0.0000 -0.1111 1.5708
0.0000 -0.1667 1.5708
0.0000 -0.2222 1.5708
0.0000 -0.2778 1.5708
0.0000 -0.3333 1.5708
0.0000 -0.3889 1.5708
0.0000 -0.4444 1.5708
0.0000 -0.5000 1.5708
primID: 3
startangle_c: 4
endpose_c: -1 8 5
additionalactioncostmult: 2
intermediateposes: 10
0.0000 0.0000 1.5708
0.0000 0.4518 1.5708
0.0000 0.9035 1.5708
0.0000 1.3553 1.5708
-0.0078 1.8069 1.6196
-0.0454 2.2570 1.6884
-0.1137 2.7035 1.7572
-0.2127 3.1442 1.8259
-0.3416 3.5770 1.8947
-0.5000 4.0000 1.9635
primID: 4
startangle_c: 4
endpose_c: 1 8 3
additionalactioncostmult: 2
intermediateposes: 10
0.0000 0.0000 1.5708
-0.0000 0.4518 1.5708
-0.0000 0.9035 1.5708
-0.0000 1.3553 1.5708
0.0078 1.8069 1.5220
0.0454 2.2570 1.4532
0.1137 2.7035 1.3844
0.2127 3.1442 1.3156
0.3416 3.5770 1.2469
0.5000 4.0000 1.1781
primID: 5
startangle_c: 4
endpose_c: 0 0 5
additionalactioncostmult: 5
intermediateposes: 10
0.0000 0.0000 1.5708
0.0000 0.0000 1.6144
0.0000 0.0000 1.6581
0.0000 0.0000 1.7017
0.0000 0.0000 1.7453
0.0000 0.0000 1.7890
0.0000 0.0000 1.8326
0.0000 0.0000 1.8762
0.0000 0.0000 1.9199
0.0000 0.0000 1.9635
primID: 6
startangle_c: 4
endpose_c: 0 0 3
additionalactioncostmult: 5
intermediateposes: 10
0.0000 0.0000 1.5708
0.0000 0.0000 1.5272
0.0000 0.0000 1.4835
0.0000 0.0000 1.4399
0.0000 0.0000 1.3963
0.0000 0.0000 1.3526
0.0000 0.0000 1.3090
0.0000 0.0000 1.2654
0.0000 0.0000 1.2217
0.0000 0.0000 1.1781
primID: 0
startangle_c: 5
endpose_c: -1 2 5
additionalactioncostmult: 1
intermediateposes: 10
0.0000 0.0000 1.9635
-0.0556 0.1111 1.9635
-0.1111 0.2222 1.9635
-0.1667 0.3333 1.9635
-0.2222 0.4444 1.9635
-0.2778 0.5556 1.9635
-0.3333 0.6667 1.9635
-0.3889 0.7778 1.9635
-0.4444 0.8889 1.9635
-0.5000 1.0000 1.9635
primID: 1
startangle_c: 5
endpose_c: -3 6 5
additionalactioncostmult: 1
intermediateposes: 10
0.0000 0.0000 1.9635
-0.1667 0.3333 1.9635
-0.3333 0.6667 1.9635
-0.5000 1.0000 1.9635
-0.6667 1.3333 1.9635
-0.8333 1.6667 1.9635
-1.0000 2.0000 1.9635
-1.1667 2.3333 1.9635
-1.3333 2.6667 1.9635
-1.5000 3.0000 1.9635
primID: 2
startangle_c: 5
endpose_c: 1 -2 5
additionalactioncostmult: 5
intermediateposes: 10
0.0000 0.0000 1.9635
0.0556 -0.1111 1.9635
0.1111 -0.2222 1.9635
0.1667 -0.3333 1.9635
0.2222 -0.4444 1.9635
0.2778 -0.5556 1.9635
0.3333 -0.6667 1.9635
0.3889 -0.7778 1.9635
0.4444 -0.8889 1.9635
0.5000 -1.0000 1.9635
primID: 3
startangle_c: 5
endpose_c: -4 5 6
additionalactioncostmult: 2
intermediateposes: 10
0.0000 0.0000 1.9635
-0.1844 0.2981 1.9938
-0.3787 0.5918 2.0241
-0.5826 0.8808 2.0544
-0.7960 1.1648 2.0847
-1.0187 1.4435 2.1150
-1.2507 1.7167 2.1453
-1.4917 1.9840 2.1756
-1.7415 2.2452 2.2059
-2.0000 2.5000 2.2362
primID: 4
startangle_c: 5
endpose_c: -2 7 4
additionalactioncostmult: 2
intermediateposes: 10
0.0000 0.0000 1.9635
-0.1561 0.3768 1.9635
-0.3122 0.7537 1.9635
-0.4683 1.1305 1.9635
-0.6234 1.5077 1.9444
-0.7580 1.8927 1.8697
-0.8634 2.2866 1.7950
-0.9392 2.6873 1.7202
-0.9848 3.0925 1.6455
-1.0000 3.5000 1.5708
primID: 5
startangle_c: 5
endpose_c: 0 0 6
additionalactioncostmult: 5
intermediateposes: 10
0.0000 0.0000 1.9635
0.0000 0.0000 2.0071
0.0000 0.0000 2.0508
0.0000 0.0000 2.0944
0.0000 0.0000 2.1380
0.0000 0.0000 2.1817
0.0000 0.0000 2.2253
0.0000 0.0000 2.2689
0.0000 0.0000 2.3126
0.0000 0.0000 2.3562
primID: 6
startangle_c: 5
endpose_c: 0 0 4
additionalactioncostmult: 5
intermediateposes: 10
0.0000 0.0000 1.9635
0.0000 0.0000 1.9199
0.0000 0.0000 1.8762
0.0000 0.0000 1.8326
0.0000 0.0000 1.7890
0.0000 0.0000 1.7453
0.0000 0.0000 1.7017
0.0000 0.0000 1.6581
0.0000 0.0000 1.6144
0.0000 0.0000 1.5708
primID: 0
startangle_c: 6
endpose_c: -1 1 6
additionalactioncostmult: 1
intermediateposes: 10
0.0000 0.0000 2.3562
-0.0556 0.0556 2.3562
-0.1111 0.1111 2.3562
-0.1667 0.1667 2.3562
-0.2222 0.2222 2.3562
-0.2778 0.2778 2.3562
-0.3333 0.3333 2.3562
-0.3889 0.3889 2.3562
-0.4444 0.4444 2.3562
-0.5000 0.5000 2.3562
primID: 1
startangle_c: 6
endpose_c: -6 6 6
additionalactioncostmult: 1
intermediateposes: 10
0.0000 0.0000 2.3562
-0.3333 0.3333 2.3562
-0.6667 0.6667 2.3562
-1.0000 1.0000 2.3562
-1.3333 1.3333 2.3562
-1.6667 1.6667 2.3562
-2.0000 2.0000 2.3562
-2.3333 2.3333 2.3562
-2.6667 2.6667 2.3562
-3.0000 3.0000 2.3562
primID: 2
startangle_c: 6
endpose_c: 1 -1 6
additionalactioncostmult: 5
intermediateposes: 10
0.0000 0.0000 2.3562
0.0556 -0.0556 2.3562
0.1111 -0.1111 2.3562
0.1667 -0.1667 2.3562
0.2222 -0.2222 2.3562
0.2778 -0.2778 2.3562
0.3333 -0.3333 2.3562
0.3889 -0.3889 2.3562
0.4444 -0.4444 2.3562
0.5000 -0.5000 2.3562
primID: 3
startangle_c: 6
endpose_c: -7 5 7
additionalactioncostmult: 2
intermediateposes: 10
0.0000 0.0000 2.3562
-0.3406 0.3406 2.3562
-0.6842 0.6784 2.3859
-1.0432 0.9995 2.4377
-1.4183 1.3016 2.4896
-1.8087 1.5839 2.5415
-2.2131 1.8455 2.5933
-2.6306 2.0858 2.6452
-3.0599 2.3042 2.6970
-3.5000 2.5000 2.7489
primID: 4
startangle_c: 6
endpose_c: -5 7 5
additionalactioncostmult: 2
intermediateposes: 10
0.0000 0.0000 2.3562
-0.3406 0.3406 2.3562
-0.6784 0.6842 2.3265
-0.9995 1.0432 2.2747
-1.3016 1.4183 2.2228
-1.5839 1.8087 2.1709
-1.8455 2.2131 2.1191
-2.0858 2.6306 2.0672
-2.3042 3.0599 2.0154
-2.5000 3.5000 1.9635
primID: 5
startangle_c: 6
endpose_c: 0 0 7
additionalactioncostmult: 5
intermediateposes: 10
0.0000 0.0000 2.3562
0.0000 0.0000 2.3998
0.0000 0.0000 2.4435
0.0000 0.0000 2.4871
0.0000 0.0000 2.5307
0.0000 0.0000 2.5744
0.0000 0.0000 2.6180
0.0000 0.0000 2.6616
0.0000 0.0000 2.7053
0.0000 0.0000 2.7489
primID: 6
startangle_c: 6
endpose_c: 0 0 5
additionalactioncostmult: 5
intermediateposes: 10
0.0000 0.0000 2.3562
0.0000 0.0000 2.3126
0.0000 0.0000 2.2689
0.0000 0.0000 2.2253
0.0000 0.0000 2.1817
0.0000 0.0000 2.1380
0.0000 0.0000 2.0944
0.0000 0.0000 2.0508
0.0000 0.0000 2.0071
0.0000 0.0000 1.9635
primID: 0
startangle_c: 7
endpose_c: -2 1 7
additionalactioncostmult: 1
intermediateposes: 10
0.0000 0.0000 2.7489
-0.1111 0.0556 2.7489
-0.2222 0.1111 2.7489
-0.3333 0.1667 2.7489
-0.4444 0.2222 2.7489
-0.5556 0.2778 2.7489
-0.6667 0.3333 2.7489
-0.7778 0.3889 2.7489
-0.8889 0.4444 2.7489
-1.0000 0.5000 2.7489
primID: 1
startangle_c: 7
endpose_c: -6 3 7
additionalactioncostmult: 1
intermediateposes: 10
0.0000 0.0000 2.7489
-0.3333 0.1667 2.7489
-0.6667 0.3333 2.7489
-1.0000 0.5000 2.7489
-1.3333 0.6667 2.7489
-1.6667 0.8333 2.7489
-2.0000 1.0000 2.7489
-2.3333 1.1667 2.7489
-2.6667 1.3333 2.7489
-3.0000 1.5000 2.7489
primID: 2
startangle_c: 7
endpose_c: 2 -1 7
additionalactioncostmult: 5
intermediateposes: 10
0.0000 0.0000 2.7489
0.1111 -0.0556 2.7489
0.2222 -0.1111 2.7489
0.3333 -0.1667 2.7489
0.4444 -0.2222 2.7489
0.5556 -0.2778 2.7489
0.6667 -0.3333 2.7489
0.7778 -0.3889 2.7489
0.8889 -0.4444 2.7489
1.0000 -0.5000 2.7489
primID: 3
startangle_c: 7
endpose_c: -5 4 6
additionalactioncostmult: 2
intermediateposes: 10
0.0000 0.0000 2.7489
-0.2981 0.1844 2.7186
-0.5918 0.3787 2.6883
-0.8808 0.5826 2.6580
-1.1648 0.7960 2.6277
-1.4435 1.0187 2.5974
-1.7167 1.2507 2.5671
-1.9840 1.4917 2.5368
-2.2452 1.7415 2.5065
-2.5000 2.0000 2.4762
primID: 4
startangle_c: 7
endpose_c: -7 2 8
additionalactioncostmult: 2
intermediateposes: 10
0.0000 0.0000 2.7489
-0.3768 0.1561 2.7489
-0.7537 0.3122 2.7489
-1.1305 0.4683 2.7489
-1.5077 0.6234 2.7680
-1.8927 0.7580 2.8427
-2.2866 0.8634 2.9174
-2.6873 0.9392 2.9921
-3.0925 0.9848 3.0669
-3.5000 1.0000 3.1416
primID: 5
startangle_c: 7
endpose_c: 0 0 6
additionalactioncostmult: 5
intermediateposes: 10
0.0000 0.0000 2.7489
0.0000 0.0000 2.7053
0.0000 0.0000 2.6616
0.0000 0.0000 2.6180
0.0000 0.0000 2.5744
0.0000 0.0000 2.5307
0.0000 0.0000 2.4871
0.0000 0.0000 2.4435
0.0000 0.0000 2.3998
0.0000 0.0000 2.3562
primID: 6
startangle_c: 7
endpose_c: 0 0 8
additionalactioncostmult: 5
intermediateposes: 10
0.0000 0.0000 2.7489
0.0000 0.0000 2.7925
0.0000 0.0000 2.8362
0.0000 0.0000 2.8798
0.0000 0.0000 2.9234
0.0000 0.0000 2.9671
0.0000 0.0000 3.0107
0.0000 0.0000 3.0543
0.0000 0.0000 3.0980
0.0000 0.0000 3.1416
primID: 0
startangle_c: 8
endpose_c: -1 0 8
additionalactioncostmult: 1
intermediateposes: 10
0.0000 0.0000 3.1416
-0.0556 0.0000 3.1416
-0.1111 0.0000 3.1416
-0.1667 0.0000 3.1416
-0.2222 0.0000 3.1416
-0.2778 0.0000 3.1416
-0.3333 0.0000 3.1416
-0.3889 0.0000 3.1416
-0.4444 0.0000 3.1416
-0.5000 0.0000 3.1416
primID: 1
startangle_c: 8
endpose_c: -8 0 8
additionalactioncostmult: 1
intermediateposes: 10
0.0000 0.0000 3.1416
-0.4444 0.0000 3.1416
-0.8889 0.0000 3.1416
-1.3333 0.0000 3.1416
-1.7778 0.0000 3.1416
-2.2222 0.0000 3.1416
-2.6667 0.0000 3.1416
-3.1111 0.0000 3.1416
-3.5556 0.0000 3.1416
-4.0000 0.0000 3.1416
primID: 2
startangle_c: 8
endpose_c: 1 0 8
additionalactioncostmult: 5
intermediateposes: 10
0.0000 0.0000 3.1416
0.0556 0.0000 3.1416
0.1111 0.0000 3.1416
0.1667 0.0000 3.1416
0.2222 0.0000 3.1416
0.2778 0.0000 3.1416
0.3333 0.0000 3.1416
0.3889 0.0000 3.1416
0.4444 0.0000 3.1416
0.5000 0.0000 3.1416
primID: 3
startangle_c: 8
endpose_c: -8 -1 9
additionalactioncostmult: 2
intermediateposes: 10
0.0000 0.0000 3.1416
-0.4518 0.0000 3.1416
-0.9035 0.0000 3.1416
-1.3553 0.0000 3.1416
-1.8069 -0.0078 3.1904
-2.2570 -0.0454 3.2592
-2.7035 -0.1137 3.3280
-3.1442 -0.2127 3.3967
-3.5770 -0.3416 3.4655
-4.0000 -0.5000 3.5343
primID: 4
startangle_c: 8
endpose_c: -8 1 7
additionalactioncostmult: 2
intermediateposes: 10
0.0000 0.0000 3.1416
-0.4518 0.0000 3.1416
-0.9035 0.0000 3.1416
-1.3553 0.0000 3.1416
-1.8069 0.0078 3.0928
-2.2570 0.0454 3.0240
-2.7035 0.1137 2.9552
-3.1442 0.2127 2.8864
-3.5770 0.3416 2.8177
-4.0000 0.5000 2.7489
primID: 5
startangle_c: 8
endpose_c: 0 0 9
additionalactioncostmult: 5
intermediateposes: 10
0.0000 0.0000 3.1416
0.0000 0.0000 3.1852
0.0000 0.0000 3.2289
0.0000 0.0000 3.2725
0.0000 0.0000 3.3161
0.0000 0.0000 3.3598
0.0000 0.0000 3.4034
0.0000 0.0000 3.4470
0.0000 0.0000 3.4907
0.0000 0.0000 3.5343
primID: 6
startangle_c: 8
endpose_c: 0 0 7
additionalactioncostmult: 5
intermediateposes: 10
0.0000 0.0000 3.1416
0.0000 0.0000 3.0980
0.0000 0.0000 3.0543
0.0000 0.0000 3.0107
0.0000 0.0000 2.9671
0.0000 0.0000 2.9234
0.0000 0.0000 2.8798
0.0000 0.0000 2.8362
0.0000 0.0000 2.7925
0.0000 0.0000 2.7489
primID: 0
startangle_c: 9
endpose_c: -2 -1 9
additionalactioncostmult: 1
intermediateposes: 10
0.0000 0.0000 3.5343
-0.1111 -0.0556 3.5343
-0.2222 -0.1111 3.5343
-0.3333 -0.1667 3.5343
-0.4444 -0.2222 3.5343
-0.5556 -0.2778 3.5343
-0.6667 -0.3333 3.5343
-0.7778 -0.3889 3.5343
-0.8889 -0.4444 3.5343
-1.0000 -0.5000 3.5343
primID: 1
startangle_c: 9
endpose_c: -6 -3 9
additionalactioncostmult: 1
intermediateposes: 10
0.0000 0.0000 3.5343
-0.3333 -0.1667 3.5343
-0.6667 -0.3333 3.5343
-1.0000 -0.5000 3.5343
-1.3333 -0.6667 3.5343
-1.6667 -0.8333 3.5343
-2.0000 -1.0000 3.5343
-2.3333 -1.1667 3.5343
-2.6667 -1.3333 3.5343
-3.0000 -1.5000 3.5343
primID: 2
startangle_c: 9
endpose_c: 2 1 9
additionalactioncostmult: 5
intermediateposes: 10
0.0000 0.0000 3.5343
0.1111 0.0556 3.5343
0.2222 0.1111 3.5343
0.3333 0.1667 3.5343
0.4444 0.2222 3.5343
0.5556 0.2778 3.5343
0.6667 0.3333 3.5343
0.7778 0.3889 3.5343
0.8889 0.4444 3.5343
1.0000 0.5000 3.5343
primID: 3
startangle_c: 9
endpose_c: -5 -4 10
additionalactioncostmult: 2
intermediateposes: 10
0.0000 0.0000 3.5343
-0.2981 -0.1844 3.5646
-0.5918 -0.3787 3.5949
-0.8808 -0.5826 3.6252
-1.1648 -0.7960 3.6555
-1.4435 -1.0187 3.6858
-1.7167 -1.2507 3.7161
-1.9840 -1.4917 3.7464
-2.2452 -1.7415 3.7767
-2.5000 -2.0000 3.8070
primID: 4
startangle_c: 9
endpose_c: -7 -2 8
additionalactioncostmult: 2
intermediateposes: 10
0.0000 0.0000 3.5343
-0.3768 -0.1561 3.5343
-0.7537 -0.3122 3.5343
-1.1305 -0.4683 3.5343
-1.5077 -0.6234 3.5152
-1.8927 -0.7580 3.4405
-2.2866 -0.8634 3.3658
-2.6873 -0.9392 3.2910
-3.0925 -0.9848 3.2163
-3.5000 -1.0000 3.1416
primID: 5
startangle_c: 9
endpose_c: 0 0 10
additionalactioncostmult: 5
intermediateposes: 10
0.0000 0.0000 3.5343
0.0000 0.0000 3.5779
0.0000 0.0000 3.6216
0.0000 0.0000 3.6652
0.0000 0.0000 3.7088
0.0000 0.0000 3.7525
0.0000 0.0000 3.7961
0.0000 0.0000 3.8397
0.0000 0.0000 3.8834
0.0000 0.0000 3.9270
primID: 6
startangle_c: 9
endpose_c: 0 0 8
additionalactioncostmult: 5
intermediateposes: 10
0.0000 0.0000 3.5343
0.0000 0.0000 3.4907
0.0000 0.0000 3.4470
0.0000 0.0000 3.4034
0.0000 0.0000 3.3598
0.0000 0.0000 3.3161
0.0000 0.0000 3.2725
0.0000 0.0000 3.2289
0.0000 0.0000 3.1852
0.0000 0.0000 3.1416
primID: 0
startangle_c: 10
endpose_c: -1 -1 10
additionalactioncostmult: 1
intermediateposes: 10
0.0000 0.0000 3.9270
-0.0556 -0.0556 3.9270
-0.1111 -0.1111 3.9270
-0.1667 -0.1667 3.9270
-0.2222 -0.2222 3.9270
-0.2778 -0.2778 3.9270
-0.3333 -0.3333 3.9270
-0.3889 -0.3889 3.9270
-0.4444 -0.4444 3.9270
-0.5000 -0.5000 3.9270
primID: 1
startangle_c: 10
endpose_c: -6 -6 10
additionalactioncostmult: 1
intermediateposes: 10
0.0000 0.0000 3.9270
-0.3333 -0.3333 3.9270
-0.6667 -0.6667 3.9270
-1.0000 -1.0000 3.9270
-1.3333 -1.3333 3.9270
-1.6667 -1.6667 3.9270
-2.0000 -2.0000 3.9270
-2.3333 -2.3333 3.9270
-2.6667 -2.6667 3.9270
-3.0000 -3.0000 3.9270
primID: 2
startangle_c: 10
endpose_c: 1 1 10
additionalactioncostmult: 5
intermediateposes: 10
0.0000 0.0000 3.9270
0.0556 0.0556 3.9270
0.1111 0.1111 3.9270
0.1667 0.1667 3.9270
0.2222 0.2222 3.9270
0.2778 0.2778 3.9270
0.3333 0.3333 3.9270
0.3889 0.3889 3.9270
0.4444 0.4444 3.9270
0.5000 0.5000 3.9270
primID: 3
startangle_c: 10
endpose_c: -5 -7 11
additionalactioncostmult: 2
intermediateposes: 10
0.0000 0.0000 3.9270
-0.3406 -0.3406 3.9270
-0.6784 -0.6842 3.9567
-0.9995 -1.0432 4.0085
-1.3016 -1.4183 4.0604
-1.5839 -1.8087 4.1123
-1.8455 -2.2131 4.1641
-2.0858 -2.6306 4.2160
-2.3042 -3.0599 4.2678
-2.5000 -3.5000 4.3197
primID: 4
startangle_c: 10
endpose_c: -7 -5 9
additionalactioncostmult: 2
intermediateposes: 10
0.0000 0.0000 3.9270
-0.3406 -0.3406 3.9270
-0.6842 -0.6784 3.8973
-1.0432 -0.9995 3.8455
-1.4183 -1.3016 3.7936
-1.8087 -1.5839 3.7417
-2.2131 -1.8455 3.6899
-2.6306 -2.0858 3.6380
-3.0599 -2.3042 3.5862
-3.5000 -2.5000 3.5343
primID: 5
startangle_c: 10
endpose_c: 0 0 11
additionalactioncostmult: 5
intermediateposes: 10
0.0000 0.0000 3.9270
0.0000 0.0000 3.9706
0.0000 0.0000 4.0143
0.0000 0.0000 4.0579
0.0000 0.0000 4.1015
0.0000 0.0000 4.1452
0.0000 0.0000 4.1888
0.0000 0.0000 4.2324
0.0000 0.0000 4.2761
0.0000 0.0000 4.3197
primID: 6
startangle_c: 10
endpose_c: 0 0 9
additionalactioncostmult: 5
intermediateposes: 10
0.0000 0.0000 3.9270
0.0000 0.0000 3.8834
0.0000 0.0000 3.8397
0.0000 0.0000 3.7961
0.0000 0.0000 3.7525
0.0000 0.0000 3.7088
0.0000 0.0000 3.6652
0.0000 0.0000 3.6216
0.0000 0.0000 3.5779
0.0000 0.0000 3.5343
primID: 0
startangle_c: 11
endpose_c: -1 -2 11
additionalactioncostmult: 1
intermediateposes: 10
0.0000 0.0000 4.3197
-0.0556 -0.1111 4.3197
-0.1111 -0.2222 4.3197
-0.1667 -0.3333 4.3197
-0.2222 -0.4444 4.3197
-0.2778 -0.5556 4.3197
-0.3333 -0.6667 4.3197
-0.3889 -0.7778 4.3197
-0.4444 -0.8889 4.3197
-0.5000 -1.0000 4.3197
primID: 1
startangle_c: 11
endpose_c: -3 -6 11
additionalactioncostmult: 1
intermediateposes: 10
0.0000 0.0000 4.3197
-0.1667 -0.3333 4.3197
-0.3333 -0.6667 4.3197
-0.5000 -1.0000 4.3197
-0.6667 -1.3333 4.3197
-0.8333 -1.6667 4.3197
-1.0000 -2.0000 4.3197
-1.1667 -2.3333 4.3197
-1.3333 -2.6667 4.3197
-1.5000 -3.0000 4.3197
primID: 2
startangle_c: 11
endpose_c: 1 2 11
additionalactioncostmult: 5
intermediateposes: 10
0.0000 0.0000 4.3197
0.0556 0.1111 4.3197
0.1111 0.2222 4.3197
0.1667 0.3333 4.3197
0.2222 0.4444 4.3197
0.2778 0.5556 4.3197
0.3333 0.6667 4.3197
0.3889 0.7778 4.3197
0.4444 0.8889 4.3197
0.5000 1.0000 4.3197
primID: 3
startangle_c: 11
endpose_c: -4 -5 10
additionalactioncostmult: 2
intermediateposes: 10
0.0000 0.0000 4.3197
-0.1844 -0.2981 4.2894
-0.3787 -0.5918 4.2591
-0.5826 -0.8808 4.2288
-0.7960 -1.1648 4.1985
-1.0187 -1.4435 4.1682
-1.2507 -1.7167 4.1379
-1.4917 -1.9840 4.1076
-1.7415 -2.2452 4.0773
-2.0000 -2.5000 4.0470
primID: 4
startangle_c: 11
endpose_c: -2 -7 12
additionalactioncostmult: 2
intermediateposes: 10
0.0000 0.0000 4.3197
-0.1561 -0.3768 4.3197
-0.3122 -0.7537 4.3197
-0.4683 -1.1305 4.3197
-0.6234 -1.5077 4.3388
-0.7580 -1.8927 4.4135
-0.8634 -2.2866 4.4882
-0.9392 -2.6873 4.5629
-0.9848 -3.0925 4.6377
-1.0000 -3.5000 4.7124
primID: 5
startangle_c: 11
endpose_c: 0 0 10
additionalactioncostmult: 5
intermediateposes: 10
0.0000 0.0000 4.3197
0.0000 0.0000 4.2761
0.0000 0.0000 4.2324
0.0000 0.0000 4.1888
0.0000 0.0000 4.1452
0.0000 0.0000 4.1015
0.0000 0.0000 4.0579
0.0000 0.0000 4.0143
0.0000 0.0000 3.9706
0.0000 0.0000 3.9270
primID: 6
startangle_c: 11
endpose_c: 0 0 12
additionalactioncostmult: 5
intermediateposes: 10
0.0000 0.0000 4.3197
0.0000 0.0000 4.3633
0.0000 0.0000 4.4070
0.0000 0.0000 4.4506
0.0000 0.0000 4.4942
0.0000 0.0000 4.5379
0.0000 0.0000 4.5815
0.0000 0.0000 4.6251
0.0000 0.0000 4.6688
0.0000 0.0000 4.7124
primID: 0
startangle_c: 12
endpose_c: 0 -1 12
additionalactioncostmult: 1
intermediateposes: 10
0.0000 0.0000 4.7124
0.0000 -0.0556 4.7124
0.0000 -0.1111 4.7124
0.0000 -0.1667 4.7124
0.0000 -0.2222 4.7124
0.0000 -0.2778 4.7124
0.0000 -0.3333 4.7124
0.0000 -0.3889 4.7124
0.0000 -0.4444 4.7124
0.0000 -0.5000 4.7124
primID: 1
startangle_c: 12
endpose_c: 0 -8 12
additionalactioncostmult: 1
intermediateposes: 10
0.0000 0.0000 4.7124
0.0000 -0.4444 4.7124
0.0000 -0.8889 4.7124
0.0000 -1.3333 4.7124
0.0000 -1.7778 4.7124
0.0000 -2.2222 4.7124
0.0000 -2.6667 4.7124
0.0000 -3.1111 4.7124
0.0000 -3.5556 4.7124
0.0000 -4.0000 4.7124
primID: 2
startangle_c: 12
endpose_c: 0 1 12
additionalactioncostmult: 5
intermediateposes: 10
0.0000 0.0000 4.7124
0.0000 0.0556 4.7124
0.0000 0.1111 4.7124
0.0000 0.1667 4.7124
0.0000 0.2222 4.7124
0.0000 0.2778 4.7124
0.0000 0.3333 4.7124
0.0000 0.3889 4.7124
0.0000 0.4444 4.7124
0.0000 0.5000 4.7124
primID: 3
startangle_c: 12
endpose_c: 1 -8 13
additionalactioncostmult: 2
intermediateposes: 10
0.0000 0.0000 4.7124
-0.0000 -0.4518 4.7124
-0.0000 -0.9035 4.7124
-0.0000 -1.3553 4.7124
0.0078 -1.8069 4.7612
0.0454 -2.2570 4.8300
0.1137 -2.7035 4.8988
0.2127 -3.1442 4.9675
0.3416 -3.5770 5.0363
0.5000 -4.0000 5.1051
primID: 4
startangle_c: 12
endpose_c: -1 -8 11
additionalactioncostmult: 2
intermediateposes: 10
0.0000 0.0000 4.7124
-0.0000 -0.4518 4.7124
-0.0000 -0.9035 4.7124
-0.0000 -1.3553 4.7124
-0.0078 -1.8069 4.6636
-0.0454 -2.2570 4.5948
-0.1137 -2.7035 4.5260
-0.2127 -3.1442 4.4572
-0.3416 -3.5770 4.3885
-0.5000 -4.0000 4.3197
primID: 5
startangle_c: 12
endpose_c: 0 0 13
additionalactioncostmult: 5
intermediateposes: 10
0.0000 0.0000 4.7124
0.0000 0.0000 4.7560
0.0000 0.0000 4.7997
0.0000 0.0000 4.8433
0.0000 0.0000 4.8869
0.0000 0.0000 4.9306
0.0000 0.0000 4.9742
0.0000 0.0000 5.0178
0.0000 0.0000 5.0615
0.0000 0.0000 5.1051
primID: 6
startangle_c: 12
endpose_c: 0 0 11
additionalactioncostmult: 5
intermediateposes: 10
0.0000 0.0000 4.7124
0.0000 0.0000 4.6688
0.0000 0.0000 4.6251
0.0000 0.0000 4.5815
0.0000 0.0000 4.5379
0.0000 0.0000 4.4942
0.0000 0.0000 4.4506
0.0000 0.0000 4.4070
0.0000 0.0000 4.3633
0.0000 0.0000 4.3197
primID: 0
startangle_c: 13
endpose_c: 1 -2 13
additionalactioncostmult: 1
intermediateposes: 10
0.0000 0.0000 5.1051
0.0556 -0.1111 5.1051
0.1111 -0.2222 5.1051
0.1667 -0.3333 5.1051
0.2222 -0.4444 5.1051
0.2778 -0.5556 5.1051
0.3333 -0.6667 5.1051
0.3889 -0.7778 5.1051
0.4444 -0.8889 5.1051
0.5000 -1.0000 5.1051
primID: 1
startangle_c: 13
endpose_c: 3 -6 13
additionalactioncostmult: 1
intermediateposes: 10
0.0000 0.0000 5.1051
0.1667 -0.3333 5.1051
0.3333 -0.6667 5.1051
0.5000 -1.0000 5.1051
0.6667 -1.3333 5.1051
0.8333 -1.6667 5.1051
1.0000 -2.0000 5.1051
1.1667 -2.3333 5.1051
1.3333 -2.6667 5.1051
1.5000 -3.0000 5.1051
primID: 2
startangle_c: 13
endpose_c: -1 2 13
additionalactioncostmult: 5
intermediateposes: 10
0.0000 0.0000 5.1051
-0.0556 0.1111 5.1051
-0.1111 0.2222 5.1051
-0.1667 0.3333 5.1051
-0.2222 0.4444 5.1051
-0.2778 0.5556 5.1051
-0.3333 0.6667 5.1051
-0.3889 0.7778 5.1051
-0.4444 0.8889 5.1051
-0.5000 1.0000 5.1051
primID: 3
startangle_c: 13
endpose_c: 4 -5 14
additionalactioncostmult: 2
intermediateposes: 10
0.0000 0.0000 5.1051
0.1844 -0.2981 5.1354
0.3787 -0.5918 5.1657
0.5826 -0.8808 5.1960
0.7960 -1.1648 5.2263
1.0187 -1.4435 5.2566
1.2507 -1.7167 5.2869
1.4917 -1.9840 5.3172
1.7415 -2.2452 5.3475
2.0000 -2.5000 5.3778
primID: 4
startangle_c: 13
endpose_c: 2 -7 12
additionalactioncostmult: 2
intermediateposes: 10
0.0000 0.0000 5.1051
0.1561 -0.3768 5.1051
0.3122 -0.7537 5.1051
0.4683 -1.1305 5.1051
0.6234 -1.5077 5.0860
0.7580 -1.8927 5.0113
0.8634 -2.2866 4.9366
0.9392 -2.6873 4.8618
0.9848 -3.0925 4.7871
1.0000 -3.5000 4.7124
primID: 5
startangle_c: 13
endpose_c: 0 0 14
additionalactioncostmult: 5
intermediateposes: 10
0.0000 0.0000 5.1051
0.0000 0.0000 5.1487
0.0000 0.0000 5.1924
0.0000 0.0000 5.2360
0.0000 0.0000 5.2796
0.0000 0.0000 5.3233
0.0000 0.0000 5.3669
0.0000 0.0000 5.4105
0.0000 0.0000 5.4542
0.0000 0.0000 5.4978
primID: 6
startangle_c: 13
endpose_c: 0 0 12
additionalactioncostmult: 5
intermediateposes: 10
0.0000 0.0000 5.1051
0.0000 0.0000 5.0615
0.0000 0.0000 5.0178
0.0000 0.0000 4.9742
0.0000 0.0000 4.9306
0.0000 0.0000 4.8869
0.0000 0.0000 4.8433
0.0000 0.0000 4.7997
0.0000 0.0000 4.7560
0.0000 0.0000 4.7124
primID: 0
startangle_c: 14
endpose_c: 1 -1 14
additionalactioncostmult: 1
intermediateposes: 10
0.0000 0.0000 5.4978
0.0556 -0.0556 5.4978
0.1111 -0.1111 5.4978
0.1667 -0.1667 5.4978
0.2222 -0.2222 5.4978
0.2778 -0.2778 5.4978
0.3333 -0.3333 5.4978
0.3889 -0.3889 5.4978
0.4444 -0.4444 5.4978
0.5000 -0.5000 5.4978
primID: 1
startangle_c: 14
endpose_c: 6 -6 14
additionalactioncostmult: 1
intermediateposes: 10
0.0000 0.0000 5.4978
0.3333 -0.3333 5.4978
0.6667 -0.6667 5.4978
1.0000 -1.0000 5.4978
1.3333 -1.3333 5.4978
1.6667 -1.6667 5.4978
2.0000 -2.0000 5.4978
2.3333 -2.3333 5.4978
2.6667 -2.6667 5.4978
3.0000 -3.0000 5.4978
primID: 2
startangle_c: 14
endpose_c: -1 1 14
additionalactioncostmult: 5
intermediateposes: 10
0.0000 0.0000 5.4978
-0.0556 0.0556 5.4978
-0.1111 0.1111 5.4978
-0.1667 0.1667 5.4978
-0.2222 0.2222 5.4978
-0.2778 0.2778 5.4978
-0.3333 0.3333 5.4978
-0.3889 0.3889 5.4978
-0.4444 0.4444 5.4978
-0.5000 0.5000 5.4978
primID: 3
startangle_c: 14
endpose_c: 7 -5 15
additionalactioncostmult: 2
intermediateposes: 10
0.0000 0.0000 5.4978
0.3406 -0.3406 5.4978
0.6842 -0.6784 5.5275
1.0432 -0.9995 5.5793
1.4183 -1.3016 5.6312
1.8087 -1.5839 5.6830
2.2131 -1.8455 5.7349
2.6306 -2.0858 5.7868
3.0599 -2.3042 5.8386
3.5000 -2.5000 5.8905
primID: 4
startangle_c: 14
endpose_c: 5 -7 13
additionalactioncostmult: 2
intermediateposes: 10
0.0000 0.0000 5.4978
0.3406 -0.3406 5.4978
0.6784 -0.6842 5.4681
0.9995 -1.0432 5.4162
1.3016 -1.4183 5.3644
1.5839 -1.8087 5.3125
1.8455 -2.2131 5.2607
2.0858 -2.6306 5.2088
2.3042 -3.0599 5.1569
2.5000 -3.5000 5.1051
primID: 5
startangle_c: 14
endpose_c: 0 0 15
additionalactioncostmult: 5
intermediateposes: 10
0.0000 0.0000 5.4978
0.0000 0.0000 5.5414
0.0000 0.0000 5.5851
0.0000 0.0000 5.6287
0.0000 0.0000 5.6723
0.0000 0.0000 5.7160
0.0000 0.0000 5.7596
0.0000 0.0000 5.8032
0.0000 0.0000 5.8469
0.0000 0.0000 5.8905
primID: 6
startangle_c: 14
endpose_c: 0 0 13
additionalactioncostmult: 5
intermediateposes: 10
0.0000 0.0000 5.4978
0.0000 0.0000 5.4542
0.0000 0.0000 5.4105
0.0000 0.0000 5.3669
0.0000 0.0000 5.3233
0.0000 0.0000 5.2796
0.0000 0.0000 5.2360
0.0000 0.0000 5.1924
0.0000 0.0000 5.1487
0.0000 0.0000 5.1051
primID: 0
startangle_c: 15
endpose_c: 2 -1 15
additionalactioncostmult: 1
intermediateposes: 10
0.0000 0.0000 5.8905
0.1111 -0.0556 5.8905
0.2222 -0.1111 5.8905
0.3333 -0.1667 5.8905
0.4444 -0.2222 5.8905
0.5556 -0.2778 5.8905
0.6667 -0.3333 5.8905
0.7778 -0.3889 5.8905
0.8889 -0.4444 5.8905
1.0000 -0.5000 5.8905
primID: 1
startangle_c: 15
endpose_c: 6 -3 15
additionalactioncostmult: 1
intermediateposes: 10
0.0000 0.0000 5.8905
0.3333 -0.1667 5.8905
0.6667 -0.3333 5.8905
1.0000 -0.5000 5.8905
1.3333 -0.6667 5.8905
1.6667 -0.8333 5.8905
2.0000 -1.0000 5.8905
2.3333 -1.1667 5.8905
2.6667 -1.3333 5.8905
3.0000 -1.5000 5.8905
primID: 2
startangle_c: 15
endpose_c: -2 1 15
additionalactioncostmult: 5
intermediateposes: 10
0.0000 0.0000 5.8905
-0.1111 0.0556 5.8905
-0.2222 0.1111 5.8905
-0.3333 0.1667 5.8905
-0.4444 0.2222 5.8905
-0.5556 0.2778 5.8905
-0.6667 0.3333 5.8905
-0.7778 0.3889 5.8905
-0.8889 0.4444 5.8905
-1.0000 0.5000 5.8905
primID: 3
startangle_c: 15
endpose_c: 5 -4 14
additionalactioncostmult: 2
intermediateposes: 10
0.0000 0.0000 5.8905
0.2981 -0.1844 5.8602
0.5918 -0.3787 5.8299
0.8808 -0.5826 5.7996
1.1648 -0.7960 5.7693
1.4435 -1.0187 5.7390
1.7167 -1.2507 5.7087
1.9840 -1.4917 5.6784
2.2452 -1.7415 5.6481
2.5000 -2.0000 5.6178
primID: 4
startangle_c: 15
endpose_c: 7 -2 0
additionalactioncostmult: 2
intermediateposes: 10
0.0000 0.0000 5.8905
0.3768 -0.1561 5.8905
0.7537 -0.3122 5.8905
1.1305 -0.4683 5.8905
1.5077 -0.6234 5.9096
1.8927 -0.7580 5.9843
2.2866 -0.8634 6.0590
2.6873 -0.9392 6.1337
3.0925 -0.9848 6.2085
3.5000 -1.0000 6.2832
primID: 5
startangle_c: 15
endpose_c: 0 0 14
additionalactioncostmult: 5
intermediateposes: 10
0.0000 0.0000 5.8905
0.0000 0.0000 5.8469
0.0000 0.0000 5.8032
0.0000 0.0000 5.7596
0.0000 0.0000 5.7160
0.0000 0.0000 5.6723
0.0000 0.0000 5.6287
0.0000 0.0000 5.5851
0.0000 0.0000 5.5414
0.0000 0.0000 5.4978
primID: 6
startangle_c: 15
endpose_c: 0 0 0
additionalactioncostmult: 5
intermediateposes: 10
0.0000 0.0000 5.8905
0.0000 0.0000 5.2360
0.0000 0.0000 4.5815
0.0000 0.0000 3.9270
0.0000 0.0000 3.2725
0.0000 0.0000 2.6180
0.0000 0.0000 1.9635
0.0000 0.0000 1.3090
0.0000 0.0000 0.6545
0.0000 0.0000 0.0000
