resolution_m: 0.0031750000
numberofangles: 16
totalnumberofprimitives: 112
primID: 0
startangle_c: 0
endpose_c: 1 0 0
additionalactioncostmult: 1
intermediateposes: 10
0.0000000000 0.0000000000 0.0000000000
0.0003527778 0.0000000000 0.0000000000
0.0007055556 0.0000000000 0.0000000000
0.0010583333 0.0000000000 0.0000000000
0.0014111111 0.0000000000 0.0000000000
0.0017638889 0.0000000000 0.0000000000
0.0021166667 0.0000000000 0.0000000000
0.0024694444 0.0000000000 0.0000000000
0.0028222222 0.0000000000 0.0000000000
0.0031750000 0.0000000000 0.0000000000
primID: 1
startangle_c: 0
endpose_c: 8 0 0
additionalactioncostmult: 1
intermediateposes: 10
0.0000000000 0.0000000000 0.0000000000
0.0028222222 0.0000000000 0.0000000000
0.0056444444 0.0000000000 0.0000000000
0.0084666667 0.0000000000 0.0000000000
0.0112888889 0.0000000000 0.0000000000
0.0141111111 0.0000000000 0.0000000000
0.0169333333 0.0000000000 0.0000000000
0.0197555556 0.0000000000 0.0000000000
0.0225777778 0.0000000000 0.0000000000
0.0254000000 0.0000000000 0.0000000000
primID: 2
startangle_c: 0
endpose_c: -1 0 0
additionalactioncostmult: 4
intermediateposes: 10
0.0000000000 0.0000000000 0.0000000000
-0.0003527778 0.0000000000 0.0000000000
-0.0007055556 0.0000000000 0.0000000000
-0.0010583333 0.0000000000 0.0000000000
-0.0014111111 0.0000000000 0.0000000000
-0.0017638889 0.0000000000 0.0000000000
-0.0021166667 0.0000000000 0.0000000000
-0.0024694444 0.0000000000 0.0000000000
-0.0028222222 0.0000000000 0.0000000000
-0.0031750000 0.0000000000 0.0000000000
primID: 3
startangle_c: 0
endpose_c: 8 1 1
additionalactioncostmult: 10
intermediateposes: 10
0.0000000000 0.0000000000 0.0000000000
0.0028686394 -0.0000000000 0.0000000000
0.0057372788 -0.0000000000 0.0000000000
0.0086059182 -0.0000000000 0.0000000000
0.0114737488 0.0000496994 0.0488216432
0.0143318996 0.0002880747 0.1175971309
0.0171669120 0.0007223024 0.1863726186
0.0199653815 0.0013503291 0.2551481063
0.0227140763 0.0021691856 0.3239235940
0.0254000000 0.0031750000 0.3926990817
primID: 4
startangle_c: 0
endpose_c: 8 -1 -1
additionalactioncostmult: 10
intermediateposes: 10
0.0000000000 0.0000000000 0.0000000000
0.0028686394 0.0000000000 0.0000000000
0.0057372788 0.0000000000 0.0000000000
0.0086059182 0.0000000000 0.0000000000
0.0114737488 -0.0000496994 -0.0488216432
0.0143318996 -0.0002880747 -0.1175971309
0.0171669120 -0.0007223024 -0.1863726186
0.0199653815 -0.0013503291 -0.2551481063
0.0227140763 -0.0021691856 -0.3239235940
0.0254000000 -0.0031750000 -0.3926990817
primID: 5
startangle_c: 0
endpose_c: 0 0 1
additionalactioncostmult: 2
intermediateposes: 10
0.0000000000 0.0000000000 0.0000000000
0.0000000000 0.0000000000 0.0436332313
0.0000000000 0.0000000000 0.0872664626
0.0000000000 0.0000000000 0.1308996939
0.0000000000 0.0000000000 0.1745329252
0.0000000000 0.0000000000 0.2181661565
0.0000000000 0.0000000000 0.2617993878
0.0000000000 0.0000000000 0.3054326191
0.0000000000 0.0000000000 0.3490658504
0.0000000000 0.0000000000 0.3926990817
primID: 6
startangle_c: 0
endpose_c: 0 0 -1
additionalactioncostmult: 2
intermediateposes: 10
0.0000000000 0.0000000000 0.0000000000
0.0000000000 0.0000000000 -0.0436332313
0.0000000000 0.0000000000 -0.0872664626
0.0000000000 0.0000000000 -0.1308996939
0.0000000000 0.0000000000 -0.1745329252
0.0000000000 0.0000000000 -0.2181661565
0.0000000000 0.0000000000 -0.2617993878
0.0000000000 0.0000000000 -0.3054326191
0.0000000000 0.0000000000 -0.3490658504
0.0000000000 0.0000000000 -0.3926990817
primID: 0
startangle_c: 1
endpose_c: 2 1 1
additionalactioncostmult: 1
intermediateposes: 10
0.0000000000 0.0000000000 0.3926990817
0.0007055556 0.0003527778 0.3926990817
0.0014111111 0.0007055556 0.3926990817
0.0021166667 0.0010583333 0.3926990817
0.0028222222 0.0014111111 0.3926990817
0.0035277778 0.0017638889 0.3926990817
0.0042333333 0.0021166667 0.3926990817
0.0049388889 0.0024694444 0.3926990817
0.0056444444 0.0028222222 0.3926990817
0.0063500000 0.0031750000 0.3926990817
primID: 1
startangle_c: 1
endpose_c: 6 3 1
additionalactioncostmult: 1
intermediateposes: 10
0.0000000000 0.0000000000 0.3926990817
0.0021166667 0.0010583333 0.3926990817
0.0042333333 0.0021166667 0.3926990817
0.0063500000 0.0031750000 0.3926990817
0.0084666667 0.0042333333 0.3926990817
0.0105833333 0.0052916667 0.3926990817
0.0127000000 0.0063500000 0.3926990817
0.0148166667 0.0074083333 0.3926990817
0.0169333333 0.0084666667 0.3926990817
0.0190500000 0.0095250000 0.3926990817
primID: 2
startangle_c: 1
endpose_c: -2 -1 1
additionalactioncostmult: 4
intermediateposes: 10
0.0000000000 0.0000000000 0.3926990817
-0.0007055556 -0.0003527778 0.3926990817
-0.0014111111 -0.0007055556 0.3926990817
-0.0021166667 -0.0010583333 0.3926990817
-0.0028222222 -0.0014111111 0.3926990817
-0.0035277778 -0.0017638889 0.3926990817
-0.0042333333 -0.0021166667 0.3926990817
-0.0049388889 -0.0024694444 0.3926990817
-0.0056444444 -0.0028222222 0.3926990817
-0.0063500000 -0.0031750000 0.3926990817
primID: 3
startangle_c: 1
endpose_c: 5 4 2
additionalactioncostmult: 10
intermediateposes: 10
0.0000000000 0.0000000000 0.3926990817
0.0018930137 0.0011711594 0.4230003811
0.0037580134 0.0024045478 0.4533016805
0.0055931266 0.0036992878 0.4836029799
0.0073965083 0.0050544459 0.5139042793
0.0091663426 0.0064690330 0.5442055787
0.0109008444 0.0079420054 0.5745068781
0.0125982610 0.0094722659 0.6048081775
0.0142568739 0.0110586645 0.6351094769
0.0158750000 0.0127000000 0.6654107763
primID: 4
startangle_c: 1
endpose_c: 7 2 0
additionalactioncostmult: 10
intermediateposes: 10
0.0000000000 0.0000000000 0.3926990817
0.0023928918 0.0009911682 0.3926990817
0.0047857837 0.0019823365 0.3926990817
0.0071786755 0.0029735047 0.3926990817
0.0095739463 0.0039588247 0.3736124782
0.0120183776 0.0048132136 0.2988899826
0.0145197707 0.0054827343 0.2241674869
0.0170641655 0.0059636502 0.1494449913
0.0196373621 0.0062532776 0.0747224956
0.0222250000 0.0063500000 0.0000000000
primID: 5
startangle_c: 1
endpose_c: 0 0 2
additionalactioncostmult: 2
intermediateposes: 10
0.0000000000 0.0000000000 0.3926990817
0.0000000000 0.0000000000 0.4363323130
0.0000000000 0.0000000000 0.4799655443
0.0000000000 0.0000000000 0.5235987756
0.0000000000 0.0000000000 0.5672320069
0.0000000000 0.0000000000 0.6108652382
0.0000000000 0.0000000000 0.6544984695
0.0000000000 0.0000000000 0.6981317008
0.0000000000 0.0000000000 0.7417649321
0.0000000000 0.0000000000 0.7853981634
primID: 6
startangle_c: 1
endpose_c: 0 0 0
additionalactioncostmult: 2
intermediateposes: 10
0.0000000000 0.0000000000 0.3926990817
0.0000000000 0.0000000000 0.3490658504
0.0000000000 0.0000000000 0.3054326191
0.0000000000 0.0000000000 0.2617993878
0.0000000000 0.0000000000 0.2181661565
0.0000000000 0.0000000000 0.1745329252
0.0000000000 0.0000000000 0.1308996939
0.0000000000 0.0000000000 0.0872664626
0.0000000000 0.0000000000 0.0436332313
0.0000000000 0.0000000000 0.0000000000
primID: 0
startangle_c: 2
endpose_c: 1 1 2
additionalactioncostmult: 1
intermediateposes: 10
0.0000000000 0.0000000000 0.7853981634
0.0003527778 0.0003527778 0.7853981634
0.0007055556 0.0007055556 0.7853981634
0.0010583333 0.0010583333 0.7853981634
0.0014111111 0.0014111111 0.7853981634
0.0017638889 0.0017638889 0.7853981634
0.0021166667 0.0021166667 0.7853981634
0.0024694444 0.0024694444 0.7853981634
0.0028222222 0.0028222222 0.7853981634
0.0031750000 0.0031750000 0.7853981634
primID: 1
startangle_c: 2
endpose_c: 6 6 2
additionalactioncostmult: 1
intermediateposes: 10
0.0000000000 0.0000000000 0.7853981634
0.0021166667 0.0021166667 0.7853981634
0.0042333333 0.0042333333 0.7853981634
0.0063500000 0.0063500000 0.7853981634
0.0084666667 0.0084666667 0.7853981634
0.0105833333 0.0105833333 0.7853981634
0.0127000000 0.0127000000 0.7853981634
0.0148166667 0.0148166667 0.7853981634
0.0169333333 0.0169333333 0.7853981634
0.0190500000 0.0190500000 0.7853981634
primID: 2
startangle_c: 2
endpose_c: -1 -1 2
additionalactioncostmult: 4
intermediateposes: 10
0.0000000000 0.0000000000 0.7853981634
-0.0003527778 -0.0003527778 0.7853981634
-0.0007055556 -0.0007055556 0.7853981634
-0.0010583333 -0.0010583333 0.7853981634
-0.0014111111 -0.0014111111 0.7853981634
-0.0017638889 -0.0017638889 0.7853981634
-0.0021166667 -0.0021166667 0.7853981634
-0.0024694444 -0.0024694444 0.7853981634
-0.0028222222 -0.0028222222 0.7853981634
-0.0031750000 -0.0031750000 0.7853981634
primID: 3
startangle_c: 2
endpose_c: 5 7 3
additionalactioncostmult: 10
intermediateposes: 10
0.0000000000 0.0000000000 0.7853981634
0.0021630839 0.0021630839 0.7853981634
0.0043076157 0.0043443563 0.8150784473
0.0063468996 0.0066240684 0.8669382756
0.0082652695 0.0090064251 0.9187981038
0.0100575670 0.0114850207 0.9706579321
0.0117189730 0.0140531906 1.0225177603
0.0132450202 0.0167040294 1.0743775886
0.0146316053 0.0194304095 1.1262374168
0.0158750000 0.0222250000 1.1780972451
primID: 4
startangle_c: 2
endpose_c: 7 5 1
additionalactioncostmult: 10
intermediateposes: 10
0.0000000000 0.0000000000 0.7853981634
0.0021630839 0.0021630839 0.7853981634
0.0043443563 0.0043076157 0.7557178795
0.0066240684 0.0063468996 0.7038580512
0.0090064251 0.0082652695 0.6519982230
0.0114850207 0.0100575670 0.6001383947
0.0140531906 0.0117189730 0.5482785665
0.0167040294 0.0132450202 0.4964187382
0.0194304095 0.0146316053 0.4445589100
0.0222250000 0.0158750000 0.3926990817
primID: 5
startangle_c: 2
endpose_c: 0 0 3
additionalactioncostmult: 2
intermediateposes: 10
0.0000000000 0.0000000000 0.7853981634
0.0000000000 0.0000000000 0.8290313947
0.0000000000 0.0000000000 0.8726646260
0.0000000000 0.0000000000 0.9162978573
0.0000000000 0.0000000000 0.9599310886
0.0000000000 0.0000000000 1.0035643199
0.0000000000 0.0000000000 1.0471975512
0.0000000000 0.0000000000 1.0908307825
0.0000000000 0.0000000000 1.1344640138
0.0000000000 0.0000000000 1.1780972451
primID: 6
startangle_c: 2
endpose_c: 0 0 1
additionalactioncostmult: 2
intermediateposes: 10
0.0000000000 0.0000000000 0.7853981634
0.0000000000 0.0000000000 0.7417649321
0.0000000000 0.0000000000 0.6981317008
0.0000000000 0.0000000000 0.6544984695
0.0000000000 0.0000000000 0.6108652382
0.0000000000 0.0000000000 0.5672320069
0.0000000000 0.0000000000 0.5235987756
0.0000000000 0.0000000000 0.4799655443
0.0000000000 0.0000000000 0.4363323130
0.0000000000 0.0000000000 0.3926990817
primID: 0
startangle_c: 3
endpose_c: 1 2 3
additionalactioncostmult: 1
intermediateposes: 10
0.0000000000 0.0000000000 1.1780972451
0.0003527778 0.0007055556 1.1780972451
0.0007055556 0.0014111111 1.1780972451
0.0010583333 0.0021166667 1.1780972451
0.0014111111 0.0028222222 1.1780972451
0.0017638889 0.0035277778 1.1780972451
0.0021166667 0.0042333333 1.1780972451
0.0024694444 0.0049388889 1.1780972451
0.0028222222 0.0056444444 1.1780972451
0.0031750000 0.0063500000 1.1780972451
primID: 1
startangle_c: 3
endpose_c: 3 6 3
additionalactioncostmult: 1
intermediateposes: 10
0.0000000000 0.0000000000 1.1780972451
0.0010583333 0.0021166667 1.1780972451
0.0021166667 0.0042333333 1.1780972451
0.0031750000 0.0063500000 1.1780972451
0.0042333333 0.0084666667 1.1780972451
0.0052916667 0.0105833333 1.1780972451
0.0063500000 0.0127000000 1.1780972451
0.0074083333 0.0148166667 1.1780972451
0.0084666667 0.0169333333 1.1780972451
0.0095250000 0.0190500000 1.1780972451
primID: 2
startangle_c: 3
endpose_c: -1 -2 3
additionalactioncostmult: 4
intermediateposes: 10
0.0000000000 0.0000000000 1.1780972451
-0.0003527778 -0.0007055556 1.1780972451
-0.0007055556 -0.0014111111 1.1780972451
-0.0010583333 -0.0021166667 1.1780972451
-0.0014111111 -0.0028222222 1.1780972451
-0.0017638889 -0.0035277778 1.1780972451
-0.0021166667 -0.0042333333 1.1780972451
-0.0024694444 -0.0049388889 1.1780972451
-0.0028222222 -0.0056444444 1.1780972451
-0.0031750000 -0.0063500000 1.1780972451
primID: 3
startangle_c: 3
endpose_c: 4 5 2
additionalactioncostmult: 10
intermediateposes: 10
0.0000000000 0.0000000000 1.1780972451
0.0011711594 0.0018930137 1.1477959457
0.0024045478 0.0037580134 1.1174946463
0.0036992878 0.0055931266 1.0871933469
0.0050544459 0.0073965083 1.0568920475
0.0064690330 0.0091663426 1.0265907481
0.0079420054 0.0109008444 0.9962894487
0.0094722659 0.0125982610 0.9659881493
0.0110586645 0.0142568739 0.9356868499
0.0127000000 0.0158750000 0.9053855505
primID: 4
startangle_c: 3
endpose_c: 2 7 4
additionalactioncostmult: 10
intermediateposes: 10
0.0000000000 0.0000000000 1.1780972451
0.0009911682 0.0023928918 1.1780972451
0.0019823365 0.0047857837 1.1780972451
0.0029735047 0.0071786755 1.1780972451
0.0039588247 0.0095739463 1.1971838486
0.0048132136 0.0120183776 1.2719063442
0.0054827343 0.0145197707 1.3466288399
0.0059636502 0.0170641655 1.4213513355
0.0062532776 0.0196373621 1.4960738312
0.0063500000 0.0222250000 1.5707963268
primID: 5
startangle_c: 3
endpose_c: 0 0 2
additionalactioncostmult: 2
intermediateposes: 10
0.0000000000 0.0000000000 1.1780972451
0.0000000000 0.0000000000 1.1344640138
0.0000000000 0.0000000000 1.0908307825
0.0000000000 0.0000000000 1.0471975512
0.0000000000 0.0000000000 1.0035643199
0.0000000000 0.0000000000 0.9599310886
0.0000000000 0.0000000000 0.9162978573
0.0000000000 0.0000000000 0.8726646260
0.0000000000 0.0000000000 0.8290313947
0.0000000000 0.0000000000 0.7853981634
primID: 6
startangle_c: 3
endpose_c: 0 0 4
additionalactioncostmult: 2
intermediateposes: 10
0.0000000000 0.0000000000 1.1780972451
0.0000000000 0.0000000000 1.2217304764
0.0000000000 0.0000000000 1.2653637077
0.0000000000 0.0000000000 1.3089969390
0.0000000000 0.0000000000 1.3526301703
0.0000000000 0.0000000000 1.3962634016
0.0000000000 0.0000000000 1.4398966329
0.0000000000 0.0000000000 1.4835298642
0.0000000000 0.0000000000 1.5271630955
0.0000000000 0.0000000000 1.5707963268
primID: 0
startangle_c: 4
endpose_c: 0 1 4
additionalactioncostmult: 1
intermediateposes: 10
0.0000000000 0.0000000000 1.5707963268
0.0000000000 0.0003527778 1.5707963268
0.0000000000 0.0007055556 1.5707963268
0.0000000000 0.0010583333 1.5707963268
0.0000000000 0.0014111111 1.5707963268
0.0000000000 0.0017638889 1.5707963268
0.0000000000 0.0021166667 1.5707963268
0.0000000000 0.0024694444 1.5707963268
0.0000000000 0.0028222222 1.5707963268
0.0000000000 0.0031750000 1.5707963268
primID: 1
startangle_c: 4
endpose_c: 0 8 4
additionalactioncostmult: 1
intermediateposes: 10
0.0000000000 0.0000000000 1.5707963268
0.0000000000 0.0028222222 1.5707963268
0.0000000000 0.0056444444 1.5707963268
0.0000000000 0.0084666667 1.5707963268
0.0000000000 0.0112888889 1.5707963268
0.0000000000 0.0141111111 1.5707963268
0.0000000000 0.0169333333 1.5707963268
0.0000000000 0.0197555556 1.5707963268
0.0000000000 0.0225777778 1.5707963268
0.0000000000 0.0254000000 1.5707963268
primID: 2
startangle_c: 4
endpose_c: 0 -1 4
additionalactioncostmult: 4
intermediateposes: 10
0.0000000000 0.0000000000 1.5707963268
0.0000000000 -0.0003527778 1.5707963268
0.0000000000 -0.0007055556 1.5707963268
0.0000000000 -0.0010583333 1.5707963268
0.0000000000 -0.0014111111 1.5707963268
0.0000000000 -0.0017638889 1.5707963268
0.0000000000 -0.0021166667 1.5707963268
0.0000000000 -0.0024694444 1.5707963268
0.0000000000 -0.0028222222 1.5707963268
0.0000000000 -0.0031750000 1.5707963268
primID: 3
startangle_c: 4
endpose_c: -1 8 5
additionalactioncostmult: 10
intermediateposes: 10
0.0000000000 0.0000000000 1.5707963268
0.0000000000 0.0028686394 1.5707963268
0.0000000000 0.0057372788 1.5707963268
0.0000000000 0.0086059182 1.5707963268
-0.0000496994 0.0114737488 1.6196179700
-0.0002880747 0.0143318996 1.6883934577
-0.0007223024 0.0171669120 1.7571689454
-0.0013503291 0.0199653815 1.8259444331
-0.0021691856 0.0227140763 1.8947199208
-0.0031750000 0.0254000000 1.9634954085
primID: 4
startangle_c: 4
endpose_c: 1 8 3
additionalactioncostmult: 10
intermediateposes: 10
0.0000000000 0.0000000000 1.5707963268
-0.0000000000 0.0028686394 1.5707963268
-0.0000000000 0.0057372788 1.5707963268
-0.0000000000 0.0086059182 1.5707963268
0.0000496994 0.0114737488 1.5219746836
0.0002880747 0.0143318996 1.4531991959
0.0007223024 0.0171669120 1.3844237082
0.0013503291 0.0199653815 1.3156482205
0.0021691856 0.0227140763 1.2468727328
0.0031750000 0.0254000000 1.1780972451
primID: 5
startangle_c: 4
endpose_c: 0 0 5
additionalactioncostmult: 2
intermediateposes: 10
0.0000000000 0.0000000000 1.5707963268
0.0000000000 0.0000000000 1.6144295581
0.0000000000 0.0000000000 1.6580627894
0.0000000000 0.0000000000 1.7016960207
0.0000000000 0.0000000000 1.7453292520
0.0000000000 0.0000000000 1.7889624833
0.0000000000 0.0000000000 1.8325957146
0.0000000000 0.0000000000 1.8762289459
0.0000000000 0.0000000000 1.9198621772
0.0000000000 0.0000000000 1.9634954085
primID: 6
startangle_c: 4
endpose_c: 0 0 3
additionalactioncostmult: 2
intermediateposes: 10
0.0000000000 0.0000000000 1.5707963268
0.0000000000 0.0000000000 1.5271630955
0.0000000000 0.0000000000 1.4835298642
0.0000000000 0.0000000000 1.4398966329
0.0000000000 0.0000000000 1.3962634016
0.0000000000 0.0000000000 1.3526301703
0.0000000000 0.0000000000 1.3089969390
0.0000000000 0.0000000000 1.2653637077
0.0000000000 0.0000000000 1.2217304764
0.0000000000 0.0000000000 1.1780972451
primID: 0
startangle_c: 5
endpose_c: -1 2 5
additionalactioncostmult: 1
intermediateposes: 10
0.0000000000 0.0000000000 1.9634954085
-0.0003527778 0.0007055556 1.9634954085
-0.0007055556 0.0014111111 1.9634954085
-0.0010583333 0.0021166667 1.9634954085
-0.0014111111 0.0028222222 1.9634954085
-0.0017638889 0.0035277778 1.9634954085
-0.0021166667 0.0042333333 1.9634954085
-0.0024694444 0.0049388889 1.9634954085
-0.0028222222 0.0056444444 1.9634954085
-0.0031750000 0.0063500000 1.9634954085
primID: 1
startangle_c: 5
endpose_c: -3 6 5
additionalactioncostmult: 1
intermediateposes: 10
0.0000000000 0.0000000000 1.9634954085
-0.0010583333 0.0021166667 1.9634954085
-0.0021166667 0.0042333333 1.9634954085
-0.0031750000 0.0063500000 1.9634954085
-0.0042333333 0.0084666667 1.9634954085
-0.0052916667 0.0105833333 1.9634954085
-0.0063500000 0.0127000000 1.9634954085
-0.0074083333 0.0148166667 1.9634954085
-0.0084666667 0.0169333333 1.9634954085
-0.0095250000 0.0190500000 1.9634954085
primID: 2
startangle_c: 5
endpose_c: 1 -2 5
additionalactioncostmult: 4
intermediateposes: 10
0.0000000000 0.0000000000 1.9634954085
0.0003527778 -0.0007055556 1.9634954085
0.0007055556 -0.0014111111 1.9634954085
0.0010583333 -0.0021166667 1.9634954085
0.0014111111 -0.0028222222 1.9634954085
0.0017638889 -0.0035277778 1.9634954085
0.0021166667 -0.0042333333 1.9634954085
0.0024694444 -0.0049388889 1.9634954085
0.0028222222 -0.0056444444 1.9634954085
0.0031750000 -0.0063500000 1.9634954085
primID: 3
startangle_c: 5
endpose_c: -4 5 6
additionalactioncostmult: 10
intermediateposes: 10
0.0000000000 0.0000000000 1.9634954085
-0.0011711594 0.0018930137 1.9937967079
-0.0024045478 0.0037580134 2.0240980073
-0.0036992878 0.0055931266 2.0543993067
-0.0050544459 0.0073965083 2.0847006061
-0.0064690330 0.0091663426 2.1150019055
-0.0079420054 0.0109008444 2.1453032049
-0.0094722659 0.0125982610 2.1756045043
-0.0110586645 0.0142568739 2.2059058037
-0.0127000000 0.0158750000 2.2362071031
primID: 4
startangle_c: 5
endpose_c: -2 7 4
additionalactioncostmult: 10
intermediateposes: 10
0.0000000000 0.0000000000 1.9634954085
-0.0009911682 0.0023928918 1.9634954085
-0.0019823365 0.0047857837 1.9634954085
-0.0029735047 0.0071786755 1.9634954085
-0.0039588247 0.0095739463 1.9444088050
-0.0048132136 0.0120183776 1.8696863093
-0.0054827343 0.0145197707 1.7949638137
-0.0059636502 0.0170641655 1.7202413181
-0.0062532776 0.0196373621 1.6455188224
-0.0063500000 0.0222250000 1.5707963268
primID: 5
startangle_c: 5
endpose_c: 0 0 6
additionalactioncostmult: 2
intermediateposes: 10
0.0000000000 0.0000000000 1.9634954085
0.0000000000 0.0000000000 2.0071286398
0.0000000000 0.0000000000 2.0507618711
0.0000000000 0.0000000000 2.0943951024
0.0000000000 0.0000000000 2.1380283337
0.0000000000 0.0000000000 2.1816615650
0.0000000000 0.0000000000 2.2252947963
0.0000000000 0.0000000000 2.2689280276
0.0000000000 0.0000000000 2.3125612589
0.0000000000 0.0000000000 2.3561944902
primID: 6
startangle_c: 5
endpose_c: 0 0 4
additionalactioncostmult: 2
intermediateposes: 10
0.0000000000 0.0000000000 1.9634954085
0.0000000000 0.0000000000 1.9198621772
0.0000000000 0.0000000000 1.8762289459
0.0000000000 0.0000000000 1.8325957146
0.0000000000 0.0000000000 1.7889624833
0.0000000000 0.0000000000 1.7453292520
0.0000000000 0.0000000000 1.7016960207
0.0000000000 0.0000000000 1.6580627894
0.0000000000 0.0000000000 1.6144295581
0.0000000000 0.0000000000 1.5707963268
primID: 0
startangle_c: 6
endpose_c: -1 1 6
additionalactioncostmult: 1
intermediateposes: 10
0.0000000000 0.0000000000 2.3561944902
-0.0003527778 0.0003527778 2.3561944902
-0.0007055556 0.0007055556 2.3561944902
-0.0010583333 0.0010583333 2.3561944902
-0.0014111111 0.0014111111 2.3561944902
-0.0017638889 0.0017638889 2.3561944902
-0.0021166667 0.0021166667 2.3561944902
-0.0024694444 0.0024694444 2.3561944902
-0.0028222222 0.0028222222 2.3561944902
-0.0031750000 0.0031750000 2.3561944902
primID: 1
startangle_c: 6
endpose_c: -6 6 6
additionalactioncostmult: 1
intermediateposes: 10
0.0000000000 0.0000000000 2.3561944902
-0.0021166667 0.0021166667 2.3561944902
-0.0042333333 0.0042333333 2.3561944902
-0.0063500000 0.0063500000 2.3561944902
-0.0084666667 0.0084666667 2.3561944902
-0.0105833333 0.0105833333 2.3561944902
-0.0127000000 0.0127000000 2.3561944902
-0.0148166667 0.0148166667 2.3561944902
-0.0169333333 0.0169333333 2.3561944902
-0.0190500000 0.0190500000 2.3561944902
primID: 2
startangle_c: 6
endpose_c: 1 -1 6
additionalactioncostmult: 4
intermediateposes: 10
0.0000000000 0.0000000000 2.3561944902
0.0003527778 -0.0003527778 2.3561944902
0.0007055556 -0.0007055556 2.3561944902
0.0010583333 -0.0010583333 2.3561944902
0.0014111111 -0.0014111111 2.3561944902
0.0017638889 -0.0017638889 2.3561944902
0.0021166667 -0.0021166667 2.3561944902
0.0024694444 -0.0024694444 2.3561944902
0.0028222222 -0.0028222222 2.3561944902
0.0031750000 -0.0031750000 2.3561944902
primID: 3
startangle_c: 6
endpose_c: -7 5 7
additionalactioncostmult: 10
intermediateposes: 10
0.0000000000 0.0000000000 2.3561944902
-0.0021630839 0.0021630839 2.3561944902
-0.0043443563 0.0043076157 2.3858747741
-0.0066240684 0.0063468996 2.4377346024
-0.0090064251 0.0082652695 2.4895944306
-0.0114850207 0.0100575670 2.5414542589
-0.0140531906 0.0117189730 2.5933140871
-0.0167040294 0.0132450202 2.6451739154
-0.0194304095 0.0146316053 2.6970337436
-0.0222250000 0.0158750000 2.7488935719
primID: 4
startangle_c: 6
endpose_c: -5 7 5
additionalactioncostmult: 10
intermediateposes: 10
0.0000000000 0.0000000000 2.3561944902
-0.0021630839 0.0021630839 2.3561944902
-0.0043076157 0.0043443563 2.3265142063
-0.0063468996 0.0066240684 2.2746543780
-0.0082652695 0.0090064251 2.2227945498
-0.0100575670 0.0114850207 2.1709347215
-0.0117189730 0.0140531906 2.1190748932
-0.0132450202 0.0167040294 2.0672150650
-0.0146316053 0.0194304095 2.0153552367
-0.0158750000 0.0222250000 1.9634954085
primID: 5
startangle_c: 6
endpose_c: 0 0 7
additionalactioncostmult: 2
intermediateposes: 10
0.0000000000 0.0000000000 2.3561944902
0.0000000000 0.0000000000 2.3998277215
0.0000000000 0.0000000000 2.4434609528
0.0000000000 0.0000000000 2.4870941841
0.0000000000 0.0000000000 2.5307274154
0.0000000000 0.0000000000 2.5743606467
0.0000000000 0.0000000000 2.6179938780
0.0000000000 0.0000000000 2.6616271093
0.0000000000 0.0000000000 2.7052603406
0.0000000000 0.0000000000 2.7488935719
primID: 6
startangle_c: 6
endpose_c: 0 0 5
additionalactioncostmult: 2
intermediateposes: 10
0.0000000000 0.0000000000 2.3561944902
0.0000000000 0.0000000000 2.3125612589
0.0000000000 0.0000000000 2.2689280276
0.0000000000 0.0000000000 2.2252947963
0.0000000000 0.0000000000 2.1816615650
0.0000000000 0.0000000000 2.1380283337
0.0000000000 0.0000000000 2.0943951024
0.0000000000 0.0000000000 2.0507618711
0.0000000000 0.0000000000 2.0071286398
0.0000000000 0.0000000000 1.9634954085
primID: 0
startangle_c: 7
endpose_c: -2 1 7
additionalactioncostmult: 1
intermediateposes: 10
0.0000000000 0.0000000000 2.7488935719
-0.0007055556 0.0003527778 2.7488935719
-0.0014111111 0.0007055556 2.7488935719
-0.0021166667 0.0010583333 2.7488935719
-0.0028222222 0.0014111111 2.7488935719
-0.0035277778 0.0017638889 2.7488935719
-0.0042333333 0.0021166667 2.7488935719
-0.0049388889 0.0024694444 2.7488935719
-0.0056444444 0.0028222222 2.7488935719
-0.0063500000 0.0031750000 2.7488935719
primID: 1
startangle_c: 7
endpose_c: -6 3 7
additionalactioncostmult: 1
intermediateposes: 10
0.0000000000 0.0000000000 2.7488935719
-0.0021166667 0.0010583333 2.7488935719
-0.0042333333 0.0021166667 2.7488935719
-0.0063500000 0.0031750000 2.7488935719
-0.0084666667 0.0042333333 2.7488935719
-0.0105833333 0.0052916667 2.7488935719
-0.0127000000 0.0063500000 2.7488935719
-0.0148166667 0.0074083333 2.7488935719
-0.0169333333 0.0084666667 2.7488935719
-0.0190500000 0.0095250000 2.7488935719
primID: 2
startangle_c: 7
endpose_c: 2 -1 7
additionalactioncostmult: 4
intermediateposes: 10
0.0000000000 0.0000000000 2.7488935719
0.0007055556 -0.0003527778 2.7488935719
0.0014111111 -0.0007055556 2.7488935719
0.0021166667 -0.0010583333 2.7488935719
0.0028222222 -0.0014111111 2.7488935719
0.0035277778 -0.0017638889 2.7488935719
0.0042333333 -0.0021166667 2.7488935719
0.0049388889 -0.0024694444 2.7488935719
0.0056444444 -0.0028222222 2.7488935719
0.0063500000 -0.0031750000 2.7488935719
primID: 3
startangle_c: 7
endpose_c: -5 4 6
additionalactioncostmult: 10
intermediateposes: 10
0.0000000000 0.0000000000 2.7488935719
-0.0018930137 0.0011711594 2.7185922725
-0.0037580134 0.0024045478 2.6882909731
-0.0055931266 0.0036992878 2.6579896737
-0.0073965083 0.0050544459 2.6276883743
-0.0091663426 0.0064690330 2.5973870749
-0.0109008444 0.0079420054 2.5670857755
-0.0125982610 0.0094722659 2.5367844761
-0.0142568739 0.0110586645 2.5064831767
-0.0158750000 0.0127000000 2.4761818773
primID: 4
startangle_c: 7
endpose_c: -7 2 8
additionalactioncostmult: 10
intermediateposes: 10
0.0000000000 0.0000000000 2.7488935719
-0.0023928918 0.0009911682 2.7488935719
-0.0047857837 0.0019823365 2.7488935719
-0.0071786755 0.0029735047 2.7488935719
-0.0095739463 0.0039588247 2.7679801754
-0.0120183776 0.0048132136 2.8427026710
-0.0145197707 0.0054827343 2.9174251667
-0.0170641655 0.0059636502 2.9921476623
-0.0196373621 0.0062532776 3.0668701580
-0.0222250000 0.0063500000 3.1415926536
primID: 5
startangle_c: 7
endpose_c: 0 0 6
additionalactioncostmult: 2
intermediateposes: 10
0.0000000000 0.0000000000 2.7488935719
0.0000000000 0.0000000000 2.7052603406
0.0000000000 0.0000000000 2.6616271093
0.0000000000 0.0000000000 2.6179938780
0.0000000000 0.0000000000 2.5743606467
0.0000000000 0.0000000000 2.5307274154
0.0000000000 0.0000000000 2.4870941841
0.0000000000 0.0000000000 2.4434609528
0.0000000000 0.0000000000 2.3998277215
0.0000000000 0.0000000000 2.3561944902
primID: 6
startangle_c: 7
endpose_c: 0 0 8
additionalactioncostmult: 2
intermediateposes: 10
0.0000000000 0.0000000000 2.7488935719
0.0000000000 0.0000000000 2.7925268032
0.0000000000 0.0000000000 2.8361600345
0.0000000000 0.0000000000 2.8797932658
0.0000000000 0.0000000000 2.9234264971
0.0000000000 0.0000000000 2.9670597284
0.0000000000 0.0000000000 3.0106929597
0.0000000000 0.0000000000 3.0543261910
0.0000000000 0.0000000000 3.0979594223
0.0000000000 0.0000000000 3.1415926536
primID: 0
startangle_c: 8
endpose_c: -1 0 8
additionalactioncostmult: 1
intermediateposes: 10
0.0000000000 0.0000000000 3.1415926536
-0.0003527778 0.0000000000 3.1415926536
-0.0007055556 0.0000000000 3.1415926536
-0.0010583333 0.0000000000 3.1415926536
-0.0014111111 0.0000000000 3.1415926536
-0.0017638889 0.0000000000 3.1415926536
-0.0021166667 0.0000000000 3.1415926536
-0.0024694444 0.0000000000 3.1415926536
-0.0028222222 0.0000000000 3.1415926536
-0.0031750000 0.0000000000 3.1415926536
primID: 1
startangle_c: 8
endpose_c: -8 0 8
additionalactioncostmult: 1
intermediateposes: 10
0.0000000000 0.0000000000 3.1415926536
-0.0028222222 0.0000000000 3.1415926536
-0.0056444444 0.0000000000 3.1415926536
-0.0084666667 0.0000000000 3.1415926536
-0.0112888889 0.0000000000 3.1415926536
-0.0141111111 0.0000000000 3.1415926536
-0.0169333333 0.0000000000 3.1415926536
-0.0197555556 0.0000000000 3.1415926536
-0.0225777778 0.0000000000 3.1415926536
-0.0254000000 0.0000000000 3.1415926536
primID: 2
startangle_c: 8
endpose_c: 1 0 8
additionalactioncostmult: 4
intermediateposes: 10
0.0000000000 0.0000000000 3.1415926536
0.0003527778 0.0000000000 3.1415926536
0.0007055556 0.0000000000 3.1415926536
0.0010583333 0.0000000000 3.1415926536
0.0014111111 0.0000000000 3.1415926536
0.0017638889 0.0000000000 3.1415926536
0.0021166667 0.0000000000 3.1415926536
0.0024694444 0.0000000000 3.1415926536
0.0028222222 0.0000000000 3.1415926536
0.0031750000 0.0000000000 3.1415926536
primID: 3
startangle_c: 8
endpose_c: -8 -1 9
additionalactioncostmult: 10
intermediateposes: 10
0.0000000000 0.0000000000 3.1415926536
-0.0028686394 0.0000000000 3.1415926536
-0.0057372788 0.0000000000 3.1415926536
-0.0086059182 0.0000000000 3.1415926536
-0.0114737488 -0.0000496994 3.1904142968
-0.0143318996 -0.0002880747 3.2591897845
-0.0171669120 -0.0007223024 3.3279652722
-0.0199653815 -0.0013503291 3.3967407599
-0.0227140763 -0.0021691856 3.4655162476
-0.0254000000 -0.0031750000 3.5342917353
primID: 4
startangle_c: 8
endpose_c: -8 1 7
additionalactioncostmult: 10
intermediateposes: 10
0.0000000000 0.0000000000 3.1415926536
-0.0028686394 0.0000000000 3.1415926536
-0.0057372788 0.0000000000 3.1415926536
-0.0086059182 0.0000000000 3.1415926536
-0.0114737488 0.0000496994 3.0927710104
-0.0143318996 0.0002880747 3.0239955227
-0.0171669120 0.0007223024 2.9552200350
-0.0199653815 0.0013503291 2.8864445473
-0.0227140763 0.0021691856 2.8176690596
-0.0254000000 0.0031750000 2.7488935719
primID: 5
startangle_c: 8
endpose_c: 0 0 9
additionalactioncostmult: 2
intermediateposes: 10
0.0000000000 0.0000000000 3.1415926536
0.0000000000 0.0000000000 3.1852258849
0.0000000000 0.0000000000 3.2288591162
0.0000000000 0.0000000000 3.2724923475
0.0000000000 0.0000000000 3.3161255788
0.0000000000 0.0000000000 3.3597588101
0.0000000000 0.0000000000 3.4033920414
0.0000000000 0.0000000000 3.4470252727
0.0000000000 0.0000000000 3.4906585040
0.0000000000 0.0000000000 3.5342917353
primID: 6
startangle_c: 8
endpose_c: 0 0 7
additionalactioncostmult: 2
intermediateposes: 10
0.0000000000 0.0000000000 3.1415926536
0.0000000000 0.0000000000 3.0979594223
0.0000000000 0.0000000000 3.0543261910
0.0000000000 0.0000000000 3.0106929597
0.0000000000 0.0000000000 2.9670597284
0.0000000000 0.0000000000 2.9234264971
0.0000000000 0.0000000000 2.8797932658
0.0000000000 0.0000000000 2.8361600345
0.0000000000 0.0000000000 2.7925268032
0.0000000000 0.0000000000 2.7488935719
primID: 0
startangle_c: 9
endpose_c: -2 -1 9
additionalactioncostmult: 1
intermediateposes: 10
0.0000000000 0.0000000000 3.5342917353
-0.0007055556 -0.0003527778 3.5342917353
-0.0014111111 -0.0007055556 3.5342917353
-0.0021166667 -0.0010583333 3.5342917353
-0.0028222222 -0.0014111111 3.5342917353
-0.0035277778 -0.0017638889 3.5342917353
-0.0042333333 -0.0021166667 3.5342917353
-0.0049388889 -0.0024694444 3.5342917353
-0.0056444444 -0.0028222222 3.5342917353
-0.0063500000 -0.0031750000 3.5342917353
primID: 1
startangle_c: 9
endpose_c: -6 -3 9
additionalactioncostmult: 1
intermediateposes: 10
0.0000000000 0.0000000000 3.5342917353
-0.0021166667 -0.0010583333 3.5342917353
-0.0042333333 -0.0021166667 3.5342917353
-0.0063500000 -0.0031750000 3.5342917353
-0.0084666667 -0.0042333333 3.5342917353
-0.0105833333 -0.0052916667 3.5342917353
-0.0127000000 -0.0063500000 3.5342917353
-0.0148166667 -0.0074083333 3.5342917353
-0.0169333333 -0.0084666667 3.5342917353
-0.0190500000 -0.0095250000 3.5342917353
primID: 2
startangle_c: 9
endpose_c: 2 1 9
additionalactioncostmult: 4
intermediateposes: 10
0.0000000000 0.0000000000 3.5342917353
0.0007055556 0.0003527778 3.5342917353
0.0014111111 0.0007055556 3.5342917353
0.0021166667 0.0010583333 3.5342917353
0.0028222222 0.0014111111 3.5342917353
0.0035277778 0.0017638889 3.5342917353
0.0042333333 0.0021166667 3.5342917353
0.0049388889 0.0024694444 3.5342917353
0.0056444444 0.0028222222 3.5342917353
0.0063500000 0.0031750000 3.5342917353
primID: 3
startangle_c: 9
endpose_c: -5 -4 10
additionalactioncostmult: 10
intermediateposes: 10
0.0000000000 0.0000000000 3.5342917353
-0.0018930137 -0.0011711594 3.5645930347
-0.0037580134 -0.0024045478 3.5948943341
-0.0055931266 -0.0036992878 3.6251956335
-0.0073965083 -0.0050544459 3.6554969329
-0.0091663426 -0.0064690330 3.6857982323
-0.0109008444 -0.0079420054 3.7160995317
-0.0125982610 -0.0094722659 3.7464008311
-0.0142568739 -0.0110586645 3.7767021305
-0.0158750000 -0.0127000000 3.8070034299
primID: 4
startangle_c: 9
endpose_c: -7 -2 8
additionalactioncostmult: 10
intermediateposes: 10
0.0000000000 0.0000000000 3.5342917353
-0.0023928918 -0.0009911682 3.5342917353
-0.0047857837 -0.0019823365 3.5342917353
-0.0071786755 -0.0029735047 3.5342917353
-0.0095739463 -0.0039588247 3.5152051318
-0.0120183776 -0.0048132136 3.4404826361
-0.0145197707 -0.0054827343 3.3657601405
-0.0170641655 -0.0059636502 3.2910376449
-0.0196373621 -0.0062532776 3.2163151492
-0.0222250000 -0.0063500000 3.1415926536
primID: 5
startangle_c: 9
endpose_c: 0 0 10
additionalactioncostmult: 2
intermediateposes: 10
0.0000000000 0.0000000000 3.5342917353
0.0000000000 0.0000000000 3.5779249666
0.0000000000 0.0000000000 3.6215581979
0.0000000000 0.0000000000 3.6651914292
0.0000000000 0.0000000000 3.7088246605
0.0000000000 0.0000000000 3.7524578918
0.0000000000 0.0000000000 3.7960911231
0.0000000000 0.0000000000 3.8397243544
0.0000000000 0.0000000000 3.8833575857
0.0000000000 0.0000000000 3.9269908170
primID: 6
startangle_c: 9
endpose_c: 0 0 8
additionalactioncostmult: 2
intermediateposes: 10
0.0000000000 0.0000000000 3.5342917353
0.0000000000 0.0000000000 3.4906585040
0.0000000000 0.0000000000 3.4470252727
0.0000000000 0.0000000000 3.4033920414
0.0000000000 0.0000000000 3.3597588101
0.0000000000 0.0000000000 3.3161255788
0.0000000000 0.0000000000 3.2724923475
0.0000000000 0.0000000000 3.2288591162
0.0000000000 0.0000000000 3.1852258849
0.0000000000 0.0000000000 3.1415926536
primID: 0
startangle_c: 10
endpose_c: -1 -1 10
additionalactioncostmult: 1
intermediateposes: 10
0.0000000000 0.0000000000 3.9269908170
-0.0003527778 -0.0003527778 3.9269908170
-0.0007055556 -0.0007055556 3.9269908170
-0.0010583333 -0.0010583333 3.9269908170
-0.0014111111 -0.0014111111 3.9269908170
-0.0017638889 -0.0017638889 3.9269908170
-0.0021166667 -0.0021166667 3.9269908170
-0.0024694444 -0.0024694444 3.9269908170
-0.0028222222 -0.0028222222 3.9269908170
-0.0031750000 -0.0031750000 3.9269908170
primID: 1
startangle_c: 10
endpose_c: -6 -6 10
additionalactioncostmult: 1
intermediateposes: 10
0.0000000000 0.0000000000 3.9269908170
-0.0021166667 -0.0021166667 3.9269908170
-0.0042333333 -0.0042333333 3.9269908170
-0.0063500000 -0.0063500000 3.9269908170
-0.0084666667 -0.0084666667 3.9269908170
-0.0105833333 -0.0105833333 3.9269908170
-0.0127000000 -0.0127000000 3.9269908170
-0.0148166667 -0.0148166667 3.9269908170
-0.0169333333 -0.0169333333 3.9269908170
-0.0190500000 -0.0190500000 3.9269908170
primID: 2
startangle_c: 10
endpose_c: 1 1 10
additionalactioncostmult: 4
intermediateposes: 10
0.0000000000 0.0000000000 3.9269908170
0.0003527778 0.0003527778 3.9269908170
0.0007055556 0.0007055556 3.9269908170
0.0010583333 0.0010583333 3.9269908170
0.0014111111 0.0014111111 3.9269908170
0.0017638889 0.0017638889 3.9269908170
0.0021166667 0.0021166667 3.9269908170
0.0024694444 0.0024694444 3.9269908170
0.0028222222 0.0028222222 3.9269908170
0.0031750000 0.0031750000 3.9269908170
primID: 3
startangle_c: 10
endpose_c: -5 -7 11
additionalactioncostmult: 10
intermediateposes: 10
0.0000000000 0.0000000000 3.9269908170
-0.0021630839 -0.0021630839 3.9269908170
-0.0043076157 -0.0043443563 3.9566711009
-0.0063468996 -0.0066240684 4.0085309292
-0.0082652695 -0.0090064251 4.0603907574
-0.0100575670 -0.0114850207 4.1122505857
-0.0117189730 -0.0140531906 4.1641104139
-0.0132450202 -0.0167040294 4.2159702422
-0.0146316053 -0.0194304095 4.2678300704
-0.0158750000 -0.0222250000 4.3196898987
primID: 4
startangle_c: 10
endpose_c: -7 -5 9
additionalactioncostmult: 10
intermediateposes: 10
0.0000000000 0.0000000000 3.9269908170
-0.0021630839 -0.0021630839 3.9269908170
-0.0043443563 -0.0043076157 3.8973105331
-0.0066240684 -0.0063468996 3.8454507048
-0.0090064251 -0.0082652695 3.7935908765
-0.0114850207 -0.0100575670 3.7417310483
-0.0140531906 -0.0117189730 3.6898712200
-0.0167040294 -0.0132450202 3.6380113918
-0.0194304095 -0.0146316053 3.5861515635
-0.0222250000 -0.0158750000 3.5342917353
primID: 5
startangle_c: 10
endpose_c: 0 0 11
additionalactioncostmult: 2
intermediateposes: 10
0.0000000000 0.0000000000 3.9269908170
0.0000000000 0.0000000000 3.9706240483
0.0000000000 0.0000000000 4.0142572796
0.0000000000 0.0000000000 4.0578905109
0.0000000000 0.0000000000 4.1015237422
0.0000000000 0.0000000000 4.1451569735
0.0000000000 0.0000000000 4.1887902048
0.0000000000 0.0000000000 4.2324234361
0.0000000000 0.0000000000 4.2760566674
0.0000000000 0.0000000000 4.3196898987
primID: 6
startangle_c: 10
endpose_c: 0 0 9
additionalactioncostmult: 2
intermediateposes: 10
0.0000000000 0.0000000000 3.9269908170
0.0000000000 0.0000000000 3.8833575857
0.0000000000 0.0000000000 3.8397243544
0.0000000000 0.0000000000 3.7960911231
0.0000000000 0.0000000000 3.7524578918
0.0000000000 0.0000000000 3.7088246605
0.0000000000 0.0000000000 3.6651914292
0.0000000000 0.0000000000 3.6215581979
0.0000000000 0.0000000000 3.5779249666
0.0000000000 0.0000000000 3.5342917353
primID: 0
startangle_c: 11
endpose_c: -1 -2 11
additionalactioncostmult: 1
intermediateposes: 10
0.0000000000 0.0000000000 4.3196898987
-0.0003527778 -0.0007055556 4.3196898987
-0.0007055556 -0.0014111111 4.3196898987
-0.0010583333 -0.0021166667 4.3196898987
-0.0014111111 -0.0028222222 4.3196898987
-0.0017638889 -0.0035277778 4.3196898987
-0.0021166667 -0.0042333333 4.3196898987
-0.0024694444 -0.0049388889 4.3196898987
-0.0028222222 -0.0056444444 4.3196898987
-0.0031750000 -0.0063500000 4.3196898987
primID: 1
startangle_c: 11
endpose_c: -3 -6 11
additionalactioncostmult: 1
intermediateposes: 10
0.0000000000 0.0000000000 4.3196898987
-0.0010583333 -0.0021166667 4.3196898987
-0.0021166667 -0.0042333333 4.3196898987
-0.0031750000 -0.0063500000 4.3196898987
-0.0042333333 -0.0084666667 4.3196898987
-0.0052916667 -0.0105833333 4.3196898987
-0.0063500000 -0.0127000000 4.3196898987
-0.0074083333 -0.0148166667 4.3196898987
-0.0084666667 -0.0169333333 4.3196898987
-0.0095250000 -0.0190500000 4.3196898987
primID: 2
startangle_c: 11
endpose_c: 1 2 11
additionalactioncostmult: 4
intermediateposes: 10
0.0000000000 0.0000000000 4.3196898987
0.0003527778 0.0007055556 4.3196898987
0.0007055556 0.0014111111 4.3196898987
0.0010583333 0.0021166667 4.3196898987
0.0014111111 0.0028222222 4.3196898987
0.0017638889 0.0035277778 4.3196898987
0.0021166667 0.0042333333 4.3196898987
0.0024694444 0.0049388889 4.3196898987
0.0028222222 0.0056444444 4.3196898987
0.0031750000 0.0063500000 4.3196898987
primID: 3
startangle_c: 11
endpose_c: -4 -5 10
additionalactioncostmult: 10
intermediateposes: 10
0.0000000000 0.0000000000 4.3196898987
-0.0011711594 -0.0018930137 4.2893885993
-0.0024045478 -0.0037580134 4.2590872999
-0.0036992878 -0.0055931266 4.2287860005
-0.0050544459 -0.0073965083 4.1984847011
-0.0064690330 -0.0091663426 4.1681834017
-0.0079420054 -0.0109008444 4.1378821023
-0.0094722659 -0.0125982610 4.1075808029
-0.0110586645 -0.0142568739 4.0772795035
-0.0127000000 -0.0158750000 4.0469782041
primID: 4
startangle_c: 11
endpose_c: -2 -7 12
additionalactioncostmult: 10
intermediateposes: 10
0.0000000000 0.0000000000 4.3196898987
-0.0009911682 -0.0023928918 4.3196898987
-0.0019823365 -0.0047857837 4.3196898987
-0.0029735047 -0.0071786755 4.3196898987
-0.0039588247 -0.0095739463 4.3387765022
-0.0048132136 -0.0120183776 4.4134989978
-0.0054827343 -0.0145197707 4.4882214935
-0.0059636502 -0.0170641655 4.5629439891
-0.0062532776 -0.0196373621 4.6376664847
-0.0063500000 -0.0222250000 4.7123889804
primID: 5
startangle_c: 11
endpose_c: 0 0 10
additionalactioncostmult: 2
intermediateposes: 10
0.0000000000 0.0000000000 4.3196898987
0.0000000000 0.0000000000 4.2760566674
0.0000000000 0.0000000000 4.2324234361
0.0000000000 0.0000000000 4.1887902048
0.0000000000 0.0000000000 4.1451569735
0.0000000000 0.0000000000 4.1015237422
0.0000000000 0.0000000000 4.0578905109
0.0000000000 0.0000000000 4.0142572796
0.0000000000 0.0000000000 3.9706240483
0.0000000000 0.0000000000 3.9269908170
primID: 6
startangle_c: 11
endpose_c: 0 0 12
additionalactioncostmult: 2
intermediateposes: 10
0.0000000000 0.0000000000 4.3196898987
0.0000000000 0.0000000000 4.3633231300
0.0000000000 0.0000000000 4.4069563613
0.0000000000 0.0000000000 4.4505895926
0.0000000000 0.0000000000 4.4942228239
0.0000000000 0.0000000000 4.5378560552
0.0000000000 0.0000000000 4.5814892865
0.0000000000 0.0000000000 4.6251225178
0.0000000000 0.0000000000 4.6687557491
0.0000000000 0.0000000000 4.7123889804
primID: 0
startangle_c: 12
endpose_c: 0 -1 12
additionalactioncostmult: 1
intermediateposes: 10
0.0000000000 0.0000000000 4.7123889804
0.0000000000 -0.0003527778 4.7123889804
0.0000000000 -0.0007055556 4.7123889804
0.0000000000 -0.0010583333 4.7123889804
0.0000000000 -0.0014111111 4.7123889804
0.0000000000 -0.0017638889 4.7123889804
0.0000000000 -0.0021166667 4.7123889804
0.0000000000 -0.0024694444 4.7123889804
0.0000000000 -0.0028222222 4.7123889804
0.0000000000 -0.0031750000 4.7123889804
primID: 1
startangle_c: 12
endpose_c: 0 -8 12
additionalactioncostmult: 1
intermediateposes: 10
0.0000000000 0.0000000000 4.7123889804
0.0000000000 -0.0028222222 4.7123889804
0.0000000000 -0.0056444444 4.7123889804
0.0000000000 -0.0084666667 4.7123889804
0.0000000000 -0.0112888889 4.7123889804
0.0000000000 -0.0141111111 4.7123889804
0.0000000000 -0.0169333333 4.7123889804
0.0000000000 -0.0197555556 4.7123889804
0.0000000000 -0.0225777778 4.7123889804
0.0000000000 -0.0254000000 4.7123889804
primID: 2
startangle_c: 12
endpose_c: 0 1 12
additionalactioncostmult: 4
intermediateposes: 10
0.0000000000 0.0000000000 4.7123889804
0.0000000000 0.0003527778 4.7123889804
0.0000000000 0.0007055556 4.7123889804
0.0000000000 0.0010583333 4.7123889804
0.0000000000 0.0014111111 4.7123889804
0.0000000000 0.0017638889 4.7123889804
0.0000000000 0.0021166667 4.7123889804
0.0000000000 0.0024694444 4.7123889804
0.0000000000 0.0028222222 4.7123889804
0.0000000000 0.0031750000 4.7123889804
primID: 3
startangle_c: 12
endpose_c: 1 -8 13
additionalactioncostmult: 10
intermediateposes: 10
0.0000000000 0.0000000000 4.7123889804
-0.0000000000 -0.0028686394 4.7123889804
-0.0000000000 -0.0057372788 4.7123889804
-0.0000000000 -0.0086059182 4.7123889804
0.0000496994 -0.0114737488 4.7612106236
0.0002880747 -0.0143318996 4.8299861113
0.0007223024 -0.0171669120 4.8987615990
0.0013503291 -0.0199653815 4.9675370867
0.0021691856 -0.0227140763 5.0363125744
0.0031750000 -0.0254000000 5.1050880621
primID: 4
startangle_c: 12
endpose_c: -1 -8 11
additionalactioncostmult: 10
intermediateposes: 10
0.0000000000 0.0000000000 4.7123889804
-0.0000000000 -0.0028686394 4.7123889804
-0.0000000000 -0.0057372788 4.7123889804
-0.0000000000 -0.0086059182 4.7123889804
-0.0000496994 -0.0114737488 4.6635673372
-0.0002880747 -0.0143318996 4.5947918495
-0.0007223024 -0.0171669120 4.5260163618
-0.0013503291 -0.0199653815 4.4572408741
-0.0021691856 -0.0227140763 4.3884653864
-0.0031750000 -0.0254000000 4.3196898987
primID: 5
startangle_c: 12
endpose_c: 0 0 13
additionalactioncostmult: 2
intermediateposes: 10
0.0000000000 0.0000000000 4.7123889804
0.0000000000 0.0000000000 4.7560222117
0.0000000000 0.0000000000 4.7996554430
0.0000000000 0.0000000000 4.8432886743
0.0000000000 0.0000000000 4.8869219056
0.0000000000 0.0000000000 4.9305551369
0.0000000000 0.0000000000 4.9741883682
0.0000000000 0.0000000000 5.0178215995
0.0000000000 0.0000000000 5.0614548308
0.0000000000 0.0000000000 5.1050880621
primID: 6
startangle_c: 12
endpose_c: 0 0 11
additionalactioncostmult: 2
intermediateposes: 10
0.0000000000 0.0000000000 4.7123889804
0.0000000000 0.0000000000 4.6687557491
0.0000000000 0.0000000000 4.6251225178
0.0000000000 0.0000000000 4.5814892865
0.0000000000 0.0000000000 4.5378560552
0.0000000000 0.0000000000 4.4942228239
0.0000000000 0.0000000000 4.4505895926
0.0000000000 0.0000000000 4.4069563613
0.0000000000 0.0000000000 4.3633231300
0.0000000000 0.0000000000 4.3196898987
primID: 0
startangle_c: 13
endpose_c: 1 -2 13
additionalactioncostmult: 1
intermediateposes: 10
0.0000000000 0.0000000000 5.1050880621
0.0003527778 -0.0007055556 5.1050880621
0.0007055556 -0.0014111111 5.1050880621
0.0010583333 -0.0021166667 5.1050880621
0.0014111111 -0.0028222222 5.1050880621
0.0017638889 -0.0035277778 5.1050880621
0.0021166667 -0.0042333333 5.1050880621
0.0024694444 -0.0049388889 5.1050880621
0.0028222222 -0.0056444444 5.1050880621
0.0031750000 -0.0063500000 5.1050880621
primID: 1
startangle_c: 13
endpose_c: 3 -6 13
additionalactioncostmult: 1
intermediateposes: 10
0.0000000000 0.0000000000 5.1050880621
0.0010583333 -0.0021166667 5.1050880621
0.0021166667 -0.0042333333 5.1050880621
0.0031750000 -0.0063500000 5.1050880621
0.0042333333 -0.0084666667 5.1050880621
0.0052916667 -0.0105833333 5.1050880621
0.0063500000 -0.0127000000 5.1050880621
0.0074083333 -0.0148166667 5.1050880621
0.0084666667 -0.0169333333 5.1050880621
0.0095250000 -0.0190500000 5.1050880621
primID: 2
startangle_c: 13
endpose_c: -1 2 13
additionalactioncostmult: 4
intermediateposes: 10
0.0000000000 0.0000000000 5.1050880621
-0.0003527778 0.0007055556 5.1050880621
-0.0007055556 0.0014111111 5.1050880621
-0.0010583333 0.0021166667 5.1050880621
-0.0014111111 0.0028222222 5.1050880621
-0.0017638889 0.0035277778 5.1050880621
-0.0021166667 0.0042333333 5.1050880621
-0.0024694444 0.0049388889 5.1050880621
-0.0028222222 0.0056444444 5.1050880621
-0.0031750000 0.0063500000 5.1050880621
primID: 3
startangle_c: 13
endpose_c: 4 -5 14
additionalactioncostmult: 10
intermediateposes: 10
0.0000000000 0.0000000000 5.1050880621
0.0011711594 -0.0018930137 5.1353893615
0.0024045478 -0.0037580134 5.1656906609
0.0036992878 -0.0055931266 5.1959919603
0.0050544459 -0.0073965083 5.2262932597
0.0064690330 -0.0091663426 5.2565945591
0.0079420054 -0.0109008444 5.2868958585
0.0094722659 -0.0125982610 5.3171971579
0.0110586645 -0.0142568739 5.3474984573
0.0127000000 -0.0158750000 5.3777997567
primID: 4
startangle_c: 13
endpose_c: 2 -7 12
additionalactioncostmult: 10
intermediateposes: 10
0.0000000000 0.0000000000 5.1050880621
0.0009911682 -0.0023928918 5.1050880621
0.0019823365 -0.0047857837 5.1050880621
0.0029735047 -0.0071786755 5.1050880621
0.0039588247 -0.0095739463 5.0860014586
0.0048132136 -0.0120183776 5.0112789629
0.0054827343 -0.0145197707 4.9365564673
0.0059636502 -0.0170641655 4.8618339717
0.0062532776 -0.0196373621 4.7871114760
0.0063500000 -0.0222250000 4.7123889804
primID: 5
startangle_c: 13
endpose_c: 0 0 14
additionalactioncostmult: 2
intermediateposes: 10
0.0000000000 0.0000000000 5.1050880621
0.0000000000 0.0000000000 5.1487212934
0.0000000000 0.0000000000 5.1923545247
0.0000000000 0.0000000000 5.2359877560
0.0000000000 0.0000000000 5.2796209873
0.0000000000 0.0000000000 5.3232542186
0.0000000000 0.0000000000 5.3668874499
0.0000000000 0.0000000000 5.4105206812
0.0000000000 0.0000000000 5.4541539125
0.0000000000 0.0000000000 5.4977871438
primID: 6
startangle_c: 13
endpose_c: 0 0 12
additionalactioncostmult: 2
intermediateposes: 10
0.0000000000 0.0000000000 5.1050880621
0.0000000000 0.0000000000 5.0614548308
0.0000000000 0.0000000000 5.0178215995
0.0000000000 0.0000000000 4.9741883682
0.0000000000 0.0000000000 4.9305551369
0.0000000000 0.0000000000 4.8869219056
0.0000000000 0.0000000000 4.8432886743
0.0000000000 0.0000000000 4.7996554430
0.0000000000 0.0000000000 4.7560222117
0.0000000000 0.0000000000 4.7123889804
primID: 0
startangle_c: 14
endpose_c: 1 -1 14
additionalactioncostmult: 1
intermediateposes: 10
0.0000000000 0.0000000000 5.4977871438
0.0003527778 -0.0003527778 5.4977871438
0.0007055556 -0.0007055556 5.4977871438
0.0010583333 -0.0010583333 5.4977871438
0.0014111111 -0.0014111111 5.4977871438
0.0017638889 -0.0017638889 5.4977871438
0.0021166667 -0.0021166667 5.4977871438
0.0024694444 -0.0024694444 5.4977871438
0.0028222222 -0.0028222222 5.4977871438
0.0031750000 -0.0031750000 5.4977871438
primID: 1
startangle_c: 14
endpose_c: 6 -6 14
additionalactioncostmult: 1
intermediateposes: 10
0.0000000000 0.0000000000 5.4977871438
0.0021166667 -0.0021166667 5.4977871438
0.0042333333 -0.0042333333 5.4977871438
0.0063500000 -0.0063500000 5.4977871438
0.0084666667 -0.0084666667 5.4977871438
0.0105833333 -0.0105833333 5.4977871438
0.0127000000 -0.0127000000 5.4977871438
0.0148166667 -0.0148166667 5.4977871438
0.0169333333 -0.0169333333 5.4977871438
0.0190500000 -0.0190500000 5.4977871438
primID: 2
startangle_c: 14
endpose_c: -1 1 14
additionalactioncostmult: 4
intermediateposes: 10
0.0000000000 0.0000000000 5.4977871438
-0.0003527778 0.0003527778 5.4977871438
-0.0007055556 0.0007055556 5.4977871438
-0.0010583333 0.0010583333 5.4977871438
-0.0014111111 0.0014111111 5.4977871438
-0.0017638889 0.0017638889 5.4977871438
-0.0021166667 0.0021166667 5.4977871438
-0.0024694444 0.0024694444 5.4977871438
-0.0028222222 0.0028222222 5.4977871438
-0.0031750000 0.0031750000 5.4977871438
primID: 3
startangle_c: 14
endpose_c: 7 -5 15
additionalactioncostmult: 10
intermediateposes: 10
0.0000000000 0.0000000000 5.4977871438
0.0021630839 -0.0021630839 5.4977871438
0.0043443563 -0.0043076157 5.5274674277
0.0066240684 -0.0063468996 5.5793272560
0.0090064251 -0.0082652695 5.6311870842
0.0114850207 -0.0100575670 5.6830469125
0.0140531906 -0.0117189730 5.7349067407
0.0167040294 -0.0132450202 5.7867665690
0.0194304095 -0.0146316053 5.8386263972
0.0222250000 -0.0158750000 5.8904862255
primID: 4
startangle_c: 14
endpose_c: 5 -7 13
additionalactioncostmult: 10
intermediateposes: 10
0.0000000000 0.0000000000 5.4977871438
0.0021630839 -0.0021630839 5.4977871438
0.0043076157 -0.0043443563 5.4681068598
0.0063468996 -0.0066240684 5.4162470316
0.0082652695 -0.0090064251 5.3643872033
0.0100575670 -0.0114850207 5.3125273751
0.0117189730 -0.0140531906 5.2606675468
0.0132450202 -0.0167040294 5.2088077186
0.0146316053 -0.0194304095 5.1569478903
0.0158750000 -0.0222250000 5.1050880621
primID: 5
startangle_c: 14
endpose_c: 0 0 15
additionalactioncostmult: 2
intermediateposes: 10
0.0000000000 0.0000000000 5.4977871438
0.0000000000 0.0000000000 5.5414203751
0.0000000000 0.0000000000 5.5850536064
0.0000000000 0.0000000000 5.6286868377
0.0000000000 0.0000000000 5.6723200690
0.0000000000 0.0000000000 5.7159533003
0.0000000000 0.0000000000 5.7595865316
0.0000000000 0.0000000000 5.8032197629
0.0000000000 0.0000000000 5.8468529942
0.0000000000 0.0000000000 5.8904862255
primID: 6
startangle_c: 14
endpose_c: 0 0 13
additionalactioncostmult: 2
intermediateposes: 10
0.0000000000 0.0000000000 5.4977871438
0.0000000000 0.0000000000 5.4541539125
0.0000000000 0.0000000000 5.4105206812
0.0000000000 0.0000000000 5.3668874499
0.0000000000 0.0000000000 5.3232542186
0.0000000000 0.0000000000 5.2796209873
0.0000000000 0.0000000000 5.2359877560
0.0000000000 0.0000000000 5.1923545247
0.0000000000 0.0000000000 5.1487212934
0.0000000000 0.0000000000 5.1050880621
primID: 0
startangle_c: 15
endpose_c: 2 -1 15
additionalactioncostmult: 1
intermediateposes: 10
0.0000000000 0.0000000000 5.8904862255
0.0007055556 -0.0003527778 5.8904862255
0.0014111111 -0.0007055556 5.8904862255
0.0021166667 -0.0010583333 5.8904862255
0.0028222222 -0.0014111111 5.8904862255
0.0035277778 -0.0017638889 5.8904862255
0.0042333333 -0.0021166667 5.8904862255
0.0049388889 -0.0024694444 5.8904862255
0.0056444444 -0.0028222222 5.8904862255
0.0063500000 -0.0031750000 5.8904862255
primID: 1
startangle_c: 15
endpose_c: 6 -3 15
additionalactioncostmult: 1
intermediateposes: 10
0.0000000000 0.0000000000 5.8904862255
0.0021166667 -0.0010583333 5.8904862255
0.0042333333 -0.0021166667 5.8904862255
0.0063500000 -0.0031750000 5.8904862255
0.0084666667 -0.0042333333 5.8904862255
0.0105833333 -0.0052916667 5.8904862255
0.0127000000 -0.0063500000 5.8904862255
0.0148166667 -0.0074083333 5.8904862255
0.0169333333 -0.0084666667 5.8904862255
0.0190500000 -0.0095250000 5.8904862255
primID: 2
startangle_c: 15
endpose_c: -2 1 15
additionalactioncostmult: 4
intermediateposes: 10
0.0000000000 0.0000000000 5.8904862255
-0.0007055556 0.0003527778 5.8904862255
-0.0014111111 0.0007055556 5.8904862255
-0.0021166667 0.0010583333 5.8904862255
-0.0028222222 0.0014111111 5.8904862255
-0.0035277778 0.0017638889 5.8904862255
-0.0042333333 0.0021166667 5.8904862255
-0.0049388889 0.0024694444 5.8904862255
-0.0056444444 0.0028222222 5.8904862255
-0.0063500000 0.0031750000 5.8904862255
primID: 3
startangle_c: 15
endpose_c: 5 -4 14
additionalactioncostmult: 10
intermediateposes: 10
0.0000000000 0.0000000000 5.8904862255
0.0018930137 -0.0011711594 5.8601849261
0.0037580134 -0.0024045478 5.8298836267
0.0055931266 -0.0036992878 5.7995823273
0.0073965083 -0.0050544459 5.7692810279
0.0091663426 -0.0064690330 5.7389797285
0.0109008444 -0.0079420054 5.7086784291
0.0125982610 -0.0094722659 5.6783771297
0.0142568739 -0.0110586645 5.6480758303
0.0158750000 -0.0127000000 5.6177745308
primID: 4
startangle_c: 15
endpose_c: 7 -2 0
additionalactioncostmult: 10
intermediateposes: 10
0.0000000000 0.0000000000 5.8904862255
0.0023928918 -0.0009911682 5.8904862255
0.0047857837 -0.0019823365 5.8904862255
0.0071786755 -0.0029735047 5.8904862255
0.0095739463 -0.0039588247 5.9095728290
0.0120183776 -0.0048132136 5.9842953246
0.0145197707 -0.0054827343 6.0590178203
0.0170641655 -0.0059636502 6.1337403159
0.0196373621 -0.0062532776 6.2084628115
0.0222250000 -0.0063500000 6.2831853072
primID: 5
startangle_c: 15
endpose_c: 0 0 14
additionalactioncostmult: 2
intermediateposes: 10
0.0000000000 0.0000000000 5.8904862255
0.0000000000 0.0000000000 5.8468529942
0.0000000000 0.0000000000 5.8032197629
0.0000000000 0.0000000000 5.7595865316
0.0000000000 0.0000000000 5.7159533003
0.0000000000 0.0000000000 5.6723200690
0.0000000000 0.0000000000 5.6286868377
0.0000000000 0.0000000000 5.5850536064
0.0000000000 0.0000000000 5.5414203751
0.0000000000 0.0000000000 5.4977871438
primID: 6
startangle_c: 15
endpose_c: 0 0 0
additionalactioncostmult: 2
intermediateposes: 10
0.0000000000 0.0000000000 5.8904862255
0.0000000000 0.0000000000 5.2359877560
0.0000000000 0.0000000000 4.5814892865
0.0000000000 0.0000000000 3.9269908170
0.0000000000 0.0000000000 3.2724923475
0.0000000000 0.0000000000 2.6179938780
0.0000000000 0.0000000000 1.9634954085
0.0000000000 0.0000000000 1.3089969390
0.0000000000 0.0000000000 0.6544984695
0.0000000000 0.0000000000 0.0000000000
