resolution_m: 0.0031750000
numberofangles: 16
totalnumberofprimitives: 112
primID: 0
startangle_c: 0
endpose_c: 1 0 0
additionalactioncostmult: 1
intermediateposes: 20
0.0000000000 0.0000000000 0.0000000000
0.0001671053 0.0000000000 0.0000000000
0.0003342105 0.0000000000 0.0000000000
0.0005013158 0.0000000000 0.0000000000
0.0006684211 0.0000000000 0.0000000000
0.0008355263 0.0000000000 0.0000000000
0.0010026316 0.0000000000 0.0000000000
0.0011697368 0.0000000000 0.0000000000
0.0013368421 0.0000000000 0.0000000000
0.0015039474 0.0000000000 0.0000000000
0.0016710526 0.0000000000 0.0000000000
0.0018381579 0.0000000000 0.0000000000
0.0020052632 0.0000000000 0.0000000000
0.0021723684 0.0000000000 0.0000000000
0.0023394737 0.0000000000 0.0000000000
0.0025065789 0.0000000000 0.0000000000
0.0026736842 0.0000000000 0.0000000000
0.0028407895 0.0000000000 0.0000000000
0.0030078947 0.0000000000 0.0000000000
0.0031750000 0.0000000000 0.0000000000
primID: 1
startangle_c: 0
endpose_c: 8 0 0
additionalactioncostmult: 1
intermediateposes: 20
0.0000000000 0.0000000000 0.0000000000
0.0013368421 0.0000000000 0.0000000000
0.0026736842 0.0000000000 0.0000000000
0.0040105263 0.0000000000 0.0000000000
0.0053473684 0.0000000000 0.0000000000
0.0066842105 0.0000000000 0.0000000000
0.0080210526 0.0000000000 0.0000000000
0.0093578947 0.0000000000 0.0000000000
0.0106947368 0.0000000000 0.0000000000
0.0120315789 0.0000000000 0.0000000000
0.0133684211 0.0000000000 0.0000000000
0.0147052632 0.0000000000 0.0000000000
0.0160421053 0.0000000000 0.0000000000
0.0173789474 0.0000000000 0.0000000000
0.0187157895 0.0000000000 0.0000000000
0.0200526316 0.0000000000 0.0000000000
0.0213894737 0.0000000000 0.0000000000
0.0227263158 0.0000000000 0.0000000000
0.0240631579 0.0000000000 0.0000000000
0.0254000000 0.0000000000 0.0000000000
primID: 2
startangle_c: 0
endpose_c: -1 0 0
additionalactioncostmult: 4
intermediateposes: 20
0.0000000000 0.0000000000 0.0000000000
-0.0001671053 0.0000000000 0.0000000000
-0.0003342105 0.0000000000 0.0000000000
-0.0005013158 0.0000000000 0.0000000000
-0.0006684211 0.0000000000 0.0000000000
-0.0008355263 0.0000000000 0.0000000000
-0.0010026316 0.0000000000 0.0000000000
-0.0011697368 0.0000000000 0.0000000000
-0.0013368421 0.0000000000 0.0000000000
-0.0015039474 0.0000000000 0.0000000000
-0.0016710526 0.0000000000 0.0000000000
-0.0018381579 0.0000000000 0.0000000000
-0.0020052632 0.0000000000 0.0000000000
-0.0021723684 0.0000000000 0.0000000000
-0.0023394737 0.0000000000 0.0000000000
-0.0025065789 0.0000000000 0.0000000000
-0.0026736842 0.0000000000 0.0000000000
-0.0028407895 0.0000000000 0.0000000000
-0.0030078947 0.0000000000 0.0000000000
-0.0031750000 0.0000000000 0.0000000000
primID: 3
startangle_c: 0
endpose_c: 8 1 1
additionalactioncostmult: 10
intermediateposes: 20
0.0000000000 0.0000000000 0.0000000000
0.0013588292 -0.0000000000 0.0000000000
0.0027176584 -0.0000000000 0.0000000000
0.0040764876 -0.0000000000 0.0000000000
0.0054353168 -0.0000000000 0.0000000000
0.0067941460 -0.0000000000 0.0000000000
0.0081529752 -0.0000000000 0.0000000000
0.0095118043 0.0000000649 0.0017647306
0.0108703520 0.0000245944 0.0343425932
0.0122273799 0.0000933615 0.0669204558
0.0135814478 0.0002062935 0.0994983184
0.0149311187 0.0003632703 0.1320761810
0.0162749605 0.0005641254 0.1646540436
0.0176115469 0.0008086458 0.1972319061
0.0189394596 0.0010965718 0.2298097687
0.0202572894 0.0014275979 0.2623876313
0.0215636376 0.0018013729 0.2949654939
0.0228571181 0.0022175001 0.3275433565
0.0241363580 0.0026755378 0.3601212191
0.0254000000 0.0031750000 0.3926990817
primID: 4
startangle_c: 0
endpose_c: 8 -1 -1
additionalactioncostmult: 10
intermediateposes: 20
0.0000000000 0.0000000000 0.0000000000
0.0013588292 0.0000000000 0.0000000000
0.0027176584 0.0000000000 0.0000000000
0.0040764876 0.0000000000 0.0000000000
0.0054353168 0.0000000000 0.0000000000
0.0067941460 0.0000000000 0.0000000000
0.0081529752 0.0000000000 0.0000000000
0.0095118043 -0.0000000649 -0.0017647306
0.0108703520 -0.0000245944 -0.0343425932
0.0122273799 -0.0000933615 -0.0669204558
0.0135814478 -0.0002062935 -0.0994983184
0.0149311187 -0.0003632703 -0.1320761810
0.0162749605 -0.0005641254 -0.1646540436
0.0176115469 -0.0008086458 -0.1972319061
0.0189394596 -0.0010965718 -0.2298097687
0.0202572894 -0.0014275979 -0.2623876313
0.0215636376 -0.0018013729 -0.2949654939
0.0228571181 -0.0022175001 -0.3275433565
0.0241363580 -0.0026755378 -0.3601212191
0.0254000000 -0.0031750000 -0.3926990817
primID: 5
startangle_c: 0
endpose_c: 0 0 1
additionalactioncostmult: 2
intermediateposes: 20
0.0000000000 0.0000000000 0.0000000000
0.0000000000 0.0000000000 0.0206683727
0.0000000000 0.0000000000 0.0413367454
0.0000000000 0.0000000000 0.0620051182
0.0000000000 0.0000000000 0.0826734909
0.0000000000 0.0000000000 0.1033418636
0.0000000000 0.0000000000 0.1240102363
0.0000000000 0.0000000000 0.1446786090
0.0000000000 0.0000000000 0.1653469818
0.0000000000 0.0000000000 0.1860153545
0.0000000000 0.0000000000 0.2066837272
0.0000000000 0.0000000000 0.2273520999
0.0000000000 0.0000000000 0.2480204727
0.0000000000 0.0000000000 0.2686888454
0.0000000000 0.0000000000 0.2893572181
0.0000000000 0.0000000000 0.3100255908
0.0000000000 0.0000000000 0.3306939635
0.0000000000 0.0000000000 0.3513623363
0.0000000000 0.0000000000 0.3720307090
0.0000000000 0.0000000000 0.3926990817
primID: 6
startangle_c: 0
endpose_c: 0 0 -1
additionalactioncostmult: 2
intermediateposes: 20
0.0000000000 0.0000000000 0.0000000000
0.0000000000 0.0000000000 -0.0206683727
0.0000000000 0.0000000000 -0.0413367454
0.0000000000 0.0000000000 -0.0620051182
0.0000000000 0.0000000000 -0.0826734909
0.0000000000 0.0000000000 -0.1033418636
0.0000000000 0.0000000000 -0.1240102363
0.0000000000 0.0000000000 -0.1446786090
0.0000000000 0.0000000000 -0.1653469818
0.0000000000 0.0000000000 -0.1860153545
0.0000000000 0.0000000000 -0.2066837272
0.0000000000 0.0000000000 -0.2273520999
0.0000000000 0.0000000000 -0.2480204727
0.0000000000 0.0000000000 -0.2686888454
0.0000000000 0.0000000000 -0.2893572181
0.0000000000 0.0000000000 -0.3100255908
0.0000000000 0.0000000000 -0.3306939635
0.0000000000 0.0000000000 -0.3513623363
0.0000000000 0.0000000000 -0.3720307090
0.0000000000 0.0000000000 -0.3926990817
primID: 0
startangle_c: 1
endpose_c: 2 1 1
additionalactioncostmult: 1
intermediateposes: 20
0.0000000000 0.0000000000 0.3926990817
0.0003342105 0.0001671053 0.3926990817
0.0006684211 0.0003342105 0.3926990817
0.0010026316 0.0005013158 0.3926990817
0.0013368421 0.0006684211 0.3926990817
0.0016710526 0.0008355263 0.3926990817
0.0020052632 0.0010026316 0.3926990817
0.0023394737 0.0011697368 0.3926990817
0.0026736842 0.0013368421 0.3926990817
0.0030078947 0.0015039474 0.3926990817
0.0033421053 0.0016710526 0.3926990817
0.0036763158 0.0018381579 0.3926990817
0.0040105263 0.0020052632 0.3926990817
0.0043447368 0.0021723684 0.3926990817
0.0046789474 0.0023394737 0.3926990817
0.0050131579 0.0025065789 0.3926990817
0.0053473684 0.0026736842 0.3926990817
0.0056815789 0.0028407895 0.3926990817
0.0060157895 0.0030078947 0.3926990817
0.0063500000 0.0031750000 0.3926990817
primID: 1
startangle_c: 1
endpose_c: 6 3 1
additionalactioncostmult: 1
intermediateposes: 20
0.0000000000 0.0000000000 0.3926990817
0.0010026316 0.0005013158 0.3926990817
0.0020052632 0.0010026316 0.3926990817
0.0030078947 0.0015039474 0.3926990817
0.0040105263 0.0020052632 0.3926990817
0.0050131579 0.0025065789 0.3926990817
0.0060157895 0.0030078947 0.3926990817
0.0070184211 0.0035092105 0.3926990817
0.0080210526 0.0040105263 0.3926990817
0.0090236842 0.0045118421 0.3926990817
0.0100263158 0.0050131579 0.3926990817
0.0110289474 0.0055144737 0.3926990817
0.0120315789 0.0060157895 0.3926990817
0.0130342105 0.0065171053 0.3926990817
0.0140368421 0.0070184211 0.3926990817
0.0150394737 0.0075197368 0.3926990817
0.0160421053 0.0080210526 0.3926990817
0.0170447368 0.0085223684 0.3926990817
0.0180473684 0.0090236842 0.3926990817
0.0190500000 0.0095250000 0.3926990817
primID: 2
startangle_c: 1
endpose_c: -2 -1 1
additionalactioncostmult: 4
intermediateposes: 20
0.0000000000 0.0000000000 0.3926990817
-0.0003342105 -0.0001671053 0.3926990817
-0.0006684211 -0.0003342105 0.3926990817
-0.0010026316 -0.0005013158 0.3926990817
-0.0013368421 -0.0006684211 0.3926990817
-0.0016710526 -0.0008355263 0.3926990817
-0.0020052632 -0.0010026316 0.3926990817
-0.0023394737 -0.0011697368 0.3926990817
-0.0026736842 -0.0013368421 0.3926990817
-0.0030078947 -0.0015039474 0.3926990817
-0.0033421053 -0.0016710526 0.3926990817
-0.0036763158 -0.0018381579 0.3926990817
-0.0040105263 -0.0020052632 0.3926990817
-0.0043447368 -0.0021723684 0.3926990817
-0.0046789474 -0.0023394737 0.3926990817
-0.0050131579 -0.0025065789 0.3926990817
-0.0053473684 -0.0026736842 0.3926990817
-0.0056815789 -0.0028407895 0.3926990817
-0.0060157895 -0.0030078947 0.3926990817
-0.0063500000 -0.0031750000 0.3926990817
primID: 3
startangle_c: 1
endpose_c: 5 4 2
additionalactioncostmult: 10
intermediateposes: 20
0.0000000000 0.0000000000 0.3926990817
0.0009000629 0.0005469493 0.4070523288
0.0017940633 0.0011079606 0.4214055759
0.0026817999 0.0016829455 0.4357588230
0.0035630727 0.0022718126 0.4501120700
0.0044376833 0.0028744677 0.4644653171
0.0053054344 0.0034908139 0.4788185642
0.0061661302 0.0041207511 0.4931718113
0.0070195764 0.0047641768 0.5075250584
0.0078655801 0.0054209855 0.5218783055
0.0087039500 0.0060910691 0.5362315526
0.0095344964 0.0067743165 0.5505847996
0.0103570310 0.0074706142 0.5649380467
0.0111713676 0.0081798458 0.5792912938
0.0119773211 0.0089018923 0.5936445409
0.0127747087 0.0096366320 0.6079977880
0.0135633489 0.0103839408 0.6223510351
0.0143430624 0.0111436917 0.6367042822
0.0151136713 0.0119157555 0.6510575292
0.0158750000 0.0127000000 0.6654107763
primID: 4
startangle_c: 1
endpose_c: 7 2 0
additionalactioncostmult: 10
intermediateposes: 20
0.0000000000 0.0000000000 0.3926990817
0.0011334751 0.0004695007 0.3926990817
0.0022669502 0.0009390015 0.3926990817
0.0034004252 0.0014085022 0.3926990817
0.0045339003 0.0018780030 0.3926990817
0.0056673754 0.0023475037 0.3926990817
0.0068008505 0.0028170045 0.3926990817
0.0079343255 0.0032865052 0.3926990817
0.0090678751 0.0037558256 0.3893435299
0.0102109230 0.0042013378 0.3539486636
0.0113690205 0.0046061214 0.3185537972
0.0125407169 0.0049696692 0.2831589308
0.0137245445 0.0052915260 0.2477640645
0.0149190203 0.0055712886 0.2123691981
0.0161226481 0.0058086064 0.1769743318
0.0173339200 0.0060031822 0.1415794654
0.0185513189 0.0061547724 0.1061845991
0.0197733197 0.0062631868 0.0707897327
0.0209983916 0.0063282899 0.0353948664
0.0222250000 0.0063500000 0.0000000000
primID: 5
startangle_c: 1
endpose_c: 0 0 2
additionalactioncostmult: 2
intermediateposes: 20
0.0000000000 0.0000000000 0.3926990817
0.0000000000 0.0000000000 0.4133674544
0.0000000000 0.0000000000 0.4340358271
0.0000000000 0.0000000000 0.4547041999
0.0000000000 0.0000000000 0.4753725726
0.0000000000 0.0000000000 0.4960409453
0.0000000000 0.0000000000 0.5167093180
0.0000000000 0.0000000000 0.5373776907
0.0000000000 0.0000000000 0.5580460635
0.0000000000 0.0000000000 0.5787144362
0.0000000000 0.0000000000 0.5993828089
0.0000000000 0.0000000000 0.6200511816
0.0000000000 0.0000000000 0.6407195544
0.0000000000 0.0000000000 0.6613879271
0.0000000000 0.0000000000 0.6820562998
0.0000000000 0.0000000000 0.7027246725
0.0000000000 0.0000000000 0.7233930452
0.0000000000 0.0000000000 0.7440614180
0.0000000000 0.0000000000 0.7647297907
0.0000000000 0.0000000000 0.7853981634
primID: 6
startangle_c: 1
endpose_c: 0 0 0
additionalactioncostmult: 2
intermediateposes: 20
0.0000000000 0.0000000000 0.3926990817
0.0000000000 0.0000000000 0.3720307090
0.0000000000 0.0000000000 0.3513623363
0.0000000000 0.0000000000 0.3306939635
0.0000000000 0.0000000000 0.3100255908
0.0000000000 0.0000000000 0.2893572181
0.0000000000 0.0000000000 0.2686888454
0.0000000000 0.0000000000 0.2480204727
0.0000000000 0.0000000000 0.2273520999
0.0000000000 0.0000000000 0.2066837272
0.0000000000 0.0000000000 0.1860153545
0.0000000000 0.0000000000 0.1653469818
0.0000000000 0.0000000000 0.1446786090
0.0000000000 0.0000000000 0.1240102363
0.0000000000 0.0000000000 0.1033418636
0.0000000000 0.0000000000 0.0826734909
0.0000000000 0.0000000000 0.0620051182
0.0000000000 0.0000000000 0.0413367454
0.0000000000 0.0000000000 0.0206683727
0.0000000000 0.0000000000 0.0000000000
primID: 0
startangle_c: 2
endpose_c: 1 1 2
additionalactioncostmult: 1
intermediateposes: 20
0.0000000000 0.0000000000 0.7853981634
0.0001671053 0.0001671053 0.7853981634
0.0003342105 0.0003342105 0.7853981634
0.0005013158 0.0005013158 0.7853981634
0.0006684211 0.0006684211 0.7853981634
0.0008355263 0.0008355263 0.7853981634
0.0010026316 0.0010026316 0.7853981634
0.0011697368 0.0011697368 0.7853981634
0.0013368421 0.0013368421 0.7853981634
0.0015039474 0.0015039474 0.7853981634
0.0016710526 0.0016710526 0.7853981634
0.0018381579 0.0018381579 0.7853981634
0.0020052632 0.0020052632 0.7853981634
0.0021723684 0.0021723684 0.7853981634
0.0023394737 0.0023394737 0.7853981634
0.0025065789 0.0025065789 0.7853981634
0.0026736842 0.0026736842 0.7853981634
0.0028407895 0.0028407895 0.7853981634
0.0030078947 0.0030078947 0.7853981634
0.0031750000 0.0031750000 0.7853981634
primID: 1
startangle_c: 2
endpose_c: 6 6 2
additionalactioncostmult: 1
intermediateposes: 20
0.0000000000 0.0000000000 0.7853981634
0.0010026316 0.0010026316 0.7853981634
0.0020052632 0.0020052632 0.7853981634
0.0030078947 0.0030078947 0.7853981634
0.0040105263 0.0040105263 0.7853981634
0.0050131579 0.0050131579 0.7853981634
0.0060157895 0.0060157895 0.7853981634
0.0070184211 0.0070184211 0.7853981634
0.0080210526 0.0080210526 0.7853981634
0.0090236842 0.0090236842 0.7853981634
0.0100263158 0.0100263158 0.7853981634
0.0110289474 0.0110289474 0.7853981634
0.0120315789 0.0120315789 0.7853981634
0.0130342105 0.0130342105 0.7853981634
0.0140368421 0.0140368421 0.7853981634
0.0150394737 0.0150394737 0.7853981634
0.0160421053 0.0160421053 0.7853981634
0.0170447368 0.0170447368 0.7853981634
0.0180473684 0.0180473684 0.7853981634
0.0190500000 0.0190500000 0.7853981634
primID: 2
startangle_c: 2
endpose_c: -1 -1 2
additionalactioncostmult: 4
intermediateposes: 20
0.0000000000 0.0000000000 0.7853981634
-0.0001671053 -0.0001671053 0.7853981634
-0.0003342105 -0.0003342105 0.7853981634
-0.0005013158 -0.0005013158 0.7853981634
-0.0006684211 -0.0006684211 0.7853981634
-0.0008355263 -0.0008355263 0.7853981634
-0.0010026316 -0.0010026316 0.7853981634
-0.0011697368 -0.0011697368 0.7853981634
-0.0013368421 -0.0013368421 0.7853981634
-0.0015039474 -0.0015039474 0.7853981634
-0.0016710526 -0.0016710526 0.7853981634
-0.0018381579 -0.0018381579 0.7853981634
-0.0020052632 -0.0020052632 0.7853981634
-0.0021723684 -0.0021723684 0.7853981634
-0.0023394737 -0.0023394737 0.7853981634
-0.0025065789 -0.0025065789 0.7853981634
-0.0026736842 -0.0026736842 0.7853981634
-0.0028407895 -0.0028407895 0.7853981634
-0.0030078947 -0.0030078947 0.7853981634
-0.0031750000 -0.0031750000 0.7853981634
primID: 3
startangle_c: 2
endpose_c: 5 7 3
additionalactioncostmult: 10
intermediateposes: 20
0.0000000000 0.0000000000 0.7853981634
0.0010246187 0.0010246187 0.7853981634
0.0020492373 0.0020492373 0.7853981634
0.0030738560 0.0030738560 0.7853981634
0.0040861414 0.0041106105 0.8096195180
0.0050726583 0.0051719142 0.8341846998
0.0060328091 0.0062571292 0.8587498817
0.0069660144 0.0073656007 0.8833150635
0.0078717111 0.0084966599 0.9078802453
0.0087493527 0.0096496241 0.9324454271
0.0095984095 0.0108237978 0.9570106089
0.0104183693 0.0120184723 0.9815757907
0.0112087372 0.0132329268 1.0061409725
0.0119690364 0.0144664285 1.0307061543
0.0126988080 0.0157182330 1.0552713361
0.0133976118 0.0169875851 1.0798365179
0.0140650260 0.0182737186 1.1044016997
0.0147006478 0.0195758577 1.1289668815
0.0153040939 0.0208932164 1.1535320633
0.0158750000 0.0222250000 1.1780972451
primID: 4
startangle_c: 2
endpose_c: 7 5 1
additionalactioncostmult: 10
intermediateposes: 20
0.0000000000 0.0000000000 0.7853981634
0.0010246187 0.0010246187 0.7853981634
0.0020492373 0.0020492373 0.7853981634
0.0030738560 0.0030738560 0.7853981634
0.0041106105 0.0040861414 0.7611768088
0.0051719142 0.0050726583 0.7366116269
0.0062571292 0.0060328091 0.7120464451
0.0073656007 0.0069660144 0.6874812633
0.0084966599 0.0078717111 0.6629160815
0.0096496241 0.0087493527 0.6383508997
0.0108237978 0.0095984095 0.6137857179
0.0120184723 0.0104183693 0.5892205361
0.0132329268 0.0112087372 0.5646553543
0.0144664285 0.0119690364 0.5400901725
0.0157182330 0.0126988080 0.5155249907
0.0169875851 0.0133976118 0.4909598089
0.0182737186 0.0140650260 0.4663946271
0.0195758577 0.0147006478 0.4418294453
0.0208932164 0.0153040939 0.4172642635
0.0222250000 0.0158750000 0.3926990817
primID: 5
startangle_c: 2
endpose_c: 0 0 3
additionalactioncostmult: 2
intermediateposes: 20
0.0000000000 0.0000000000 0.7853981634
0.0000000000 0.0000000000 0.8060665361
0.0000000000 0.0000000000 0.8267349088
0.0000000000 0.0000000000 0.8474032816
0.0000000000 0.0000000000 0.8680716543
0.0000000000 0.0000000000 0.8887400270
0.0000000000 0.0000000000 0.9094083997
0.0000000000 0.0000000000 0.9300767724
0.0000000000 0.0000000000 0.9507451452
0.0000000000 0.0000000000 0.9714135179
0.0000000000 0.0000000000 0.9920818906
0.0000000000 0.0000000000 1.0127502633
0.0000000000 0.0000000000 1.0334186360
0.0000000000 0.0000000000 1.0540870088
0.0000000000 0.0000000000 1.0747553815
0.0000000000 0.0000000000 1.0954237542
0.0000000000 0.0000000000 1.1160921269
0.0000000000 0.0000000000 1.1367604997
0.0000000000 0.0000000000 1.1574288724
0.0000000000 0.0000000000 1.1780972451
primID: 6
startangle_c: 2
endpose_c: 0 0 1
additionalactioncostmult: 2
intermediateposes: 20
0.0000000000 0.0000000000 0.7853981634
0.0000000000 0.0000000000 0.7647297907
0.0000000000 0.0000000000 0.7440614180
0.0000000000 0.0000000000 0.7233930452
0.0000000000 0.0000000000 0.7027246725
0.0000000000 0.0000000000 0.6820562998
0.0000000000 0.0000000000 0.6613879271
0.0000000000 0.0000000000 0.6407195544
0.0000000000 0.0000000000 0.6200511816
0.0000000000 0.0000000000 0.5993828089
0.0000000000 0.0000000000 0.5787144362
0.0000000000 0.0000000000 0.5580460635
0.0000000000 0.0000000000 0.5373776907
0.0000000000 0.0000000000 0.5167093180
0.0000000000 0.0000000000 0.4960409453
0.0000000000 0.0000000000 0.4753725726
0.0000000000 0.0000000000 0.4547041999
0.0000000000 0.0000000000 0.4340358271
0.0000000000 0.0000000000 0.4133674544
0.0000000000 0.0000000000 0.3926990817
primID: 0
startangle_c: 3
endpose_c: 1 2 3
additionalactioncostmult: 1
intermediateposes: 20
0.0000000000 0.0000000000 1.1780972451
0.0001671053 0.0003342105 1.1780972451
0.0003342105 0.0006684211 1.1780972451
0.0005013158 0.0010026316 1.1780972451
0.0006684211 0.0013368421 1.1780972451
0.0008355263 0.0016710526 1.1780972451
0.0010026316 0.0020052632 1.1780972451
0.0011697368 0.0023394737 1.1780972451
0.0013368421 0.0026736842 1.1780972451
0.0015039474 0.0030078947 1.1780972451
0.0016710526 0.0033421053 1.1780972451
0.0018381579 0.0036763158 1.1780972451
0.0020052632 0.0040105263 1.1780972451
0.0021723684 0.0043447368 1.1780972451
0.0023394737 0.0046789474 1.1780972451
0.0025065789 0.0050131579 1.1780972451
0.0026736842 0.0053473684 1.1780972451
0.0028407895 0.0056815789 1.1780972451
0.0030078947 0.0060157895 1.1780972451
0.0031750000 0.0063500000 1.1780972451
primID: 1
startangle_c: 3
endpose_c: 3 6 3
additionalactioncostmult: 1
intermediateposes: 20
0.0000000000 0.0000000000 1.1780972451
0.0005013158 0.0010026316 1.1780972451
0.0010026316 0.0020052632 1.1780972451
0.0015039474 0.0030078947 1.1780972451
0.0020052632 0.0040105263 1.1780972451
0.0025065789 0.0050131579 1.1780972451
0.0030078947 0.0060157895 1.1780972451
0.0035092105 0.0070184211 1.1780972451
0.0040105263 0.0080210526 1.1780972451
0.0045118421 0.0090236842 1.1780972451
0.0050131579 0.0100263158 1.1780972451
0.0055144737 0.0110289474 1.1780972451
0.0060157895 0.0120315789 1.1780972451
0.0065171053 0.0130342105 1.1780972451
0.0070184211 0.0140368421 1.1780972451
0.0075197368 0.0150394737 1.1780972451
0.0080210526 0.0160421053 1.1780972451
0.0085223684 0.0170447368 1.1780972451
0.0090236842 0.0180473684 1.1780972451
0.0095250000 0.0190500000 1.1780972451
primID: 2
startangle_c: 3
endpose_c: -1 -2 3
additionalactioncostmult: 4
intermediateposes: 20
0.0000000000 0.0000000000 1.1780972451
-0.0001671053 -0.0003342105 1.1780972451
-0.0003342105 -0.0006684211 1.1780972451
-0.0005013158 -0.0010026316 1.1780972451
-0.0006684211 -0.0013368421 1.1780972451
-0.0008355263 -0.0016710526 1.1780972451
-0.0010026316 -0.0020052632 1.1780972451
-0.0011697368 -0.0023394737 1.1780972451
-0.0013368421 -0.0026736842 1.1780972451
-0.0015039474 -0.0030078947 1.1780972451
-0.0016710526 -0.0033421053 1.1780972451
-0.0018381579 -0.0036763158 1.1780972451
-0.0020052632 -0.0040105263 1.1780972451
-0.0021723684 -0.0043447368 1.1780972451
-0.0023394737 -0.0046789474 1.1780972451
-0.0025065789 -0.0050131579 1.1780972451
-0.0026736842 -0.0053473684 1.1780972451
-0.0028407895 -0.0056815789 1.1780972451
-0.0030078947 -0.0060157895 1.1780972451
-0.0031750000 -0.0063500000 1.1780972451
primID: 3
startangle_c: 3
endpose_c: 4 5 2
additionalactioncostmult: 10
intermediateposes: 20
0.0000000000 0.0000000000 1.1780972451
0.0005469493 0.0009000629 1.1637439980
0.0011079606 0.0017940633 1.1493907509
0.0016829455 0.0026817999 1.1350375038
0.0022718126 0.0035630727 1.1206842568
0.0028744677 0.0044376833 1.1063310097
0.0034908139 0.0053054344 1.0919777626
0.0041207511 0.0061661302 1.0776245155
0.0047641768 0.0070195764 1.0632712684
0.0054209855 0.0078655801 1.0489180213
0.0060910691 0.0087039500 1.0345647742
0.0067743165 0.0095344964 1.0202115272
0.0074706142 0.0103570310 1.0058582801
0.0081798458 0.0111713676 0.9915050330
0.0089018923 0.0119773211 0.9771517859
0.0096366320 0.0127747087 0.9627985388
0.0103839408 0.0135633489 0.9484452917
0.0111436917 0.0143430624 0.9340920446
0.0119157555 0.0151136713 0.9197387975
0.0127000000 0.0158750000 0.9053855505
primID: 4
startangle_c: 3
endpose_c: 2 7 4
additionalactioncostmult: 10
intermediateposes: 20
0.0000000000 0.0000000000 1.1780972451
0.0004695007 0.0011334751 1.1780972451
0.0009390015 0.0022669502 1.1780972451
0.0014085022 0.0034004252 1.1780972451
0.0018780030 0.0045339003 1.1780972451
0.0023475037 0.0056673754 1.1780972451
0.0028170045 0.0068008505 1.1780972451
0.0032865052 0.0079343255 1.1780972451
0.0037558256 0.0090678751 1.1814527969
0.0042013378 0.0102109230 1.2168476632
0.0046061214 0.0113690205 1.2522425296
0.0049696692 0.0125407169 1.2876373960
0.0052915260 0.0137245445 1.3230322623
0.0055712886 0.0149190203 1.3584271287
0.0058086064 0.0161226481 1.3938219950
0.0060031822 0.0173339200 1.4292168614
0.0061547724 0.0185513189 1.4646117277
0.0062631868 0.0197733197 1.5000065941
0.0063282899 0.0209983916 1.5354014604
0.0063500000 0.0222250000 1.5707963268
primID: 5
startangle_c: 3
endpose_c: 0 0 2
additionalactioncostmult: 2
intermediateposes: 20
0.0000000000 0.0000000000 1.1780972451
0.0000000000 0.0000000000 1.1574288724
0.0000000000 0.0000000000 1.1367604997
0.0000000000 0.0000000000 1.1160921269
0.0000000000 0.0000000000 1.0954237542
0.0000000000 0.0000000000 1.0747553815
0.0000000000 0.0000000000 1.0540870088
0.0000000000 0.0000000000 1.0334186360
0.0000000000 0.0000000000 1.0127502633
0.0000000000 0.0000000000 0.9920818906
0.0000000000 0.0000000000 0.9714135179
0.0000000000 0.0000000000 0.9507451452
0.0000000000 0.0000000000 0.9300767724
0.0000000000 0.0000000000 0.9094083997
0.0000000000 0.0000000000 0.8887400270
0.0000000000 0.0000000000 0.8680716543
0.0000000000 0.0000000000 0.8474032816
0.0000000000 0.0000000000 0.8267349088
0.0000000000 0.0000000000 0.8060665361
0.0000000000 0.0000000000 0.7853981634
primID: 6
startangle_c: 3
endpose_c: 0 0 4
additionalactioncostmult: 2
intermediateposes: 20
0.0000000000 0.0000000000 1.1780972451
0.0000000000 0.0000000000 1.1987656178
0.0000000000 0.0000000000 1.2194339905
0.0000000000 0.0000000000 1.2401023633
0.0000000000 0.0000000000 1.2607707360
0.0000000000 0.0000000000 1.2814391087
0.0000000000 0.0000000000 1.3021074814
0.0000000000 0.0000000000 1.3227758541
0.0000000000 0.0000000000 1.3434442269
0.0000000000 0.0000000000 1.3641125996
0.0000000000 0.0000000000 1.3847809723
0.0000000000 0.0000000000 1.4054493450
0.0000000000 0.0000000000 1.4261177177
0.0000000000 0.0000000000 1.4467860905
0.0000000000 0.0000000000 1.4674544632
0.0000000000 0.0000000000 1.4881228359
0.0000000000 0.0000000000 1.5087912086
0.0000000000 0.0000000000 1.5294595814
0.0000000000 0.0000000000 1.5501279541
0.0000000000 0.0000000000 1.5707963268
primID: 0
startangle_c: 4
endpose_c: 0 1 4
additionalactioncostmult: 1
intermediateposes: 20
0.0000000000 0.0000000000 1.5707963268
0.0000000000 0.0001671053 1.5707963268
0.0000000000 0.0003342105 1.5707963268
0.0000000000 0.0005013158 1.5707963268
0.0000000000 0.0006684211 1.5707963268
0.0000000000 0.0008355263 1.5707963268
0.0000000000 0.0010026316 1.5707963268
0.0000000000 0.0011697368 1.5707963268
0.0000000000 0.0013368421 1.5707963268
0.0000000000 0.0015039474 1.5707963268
0.0000000000 0.0016710526 1.5707963268
0.0000000000 0.0018381579 1.5707963268
0.0000000000 0.0020052632 1.5707963268
0.0000000000 0.0021723684 1.5707963268
0.0000000000 0.0023394737 1.5707963268
0.0000000000 0.0025065789 1.5707963268
0.0000000000 0.0026736842 1.5707963268
0.0000000000 0.0028407895 1.5707963268
0.0000000000 0.0030078947 1.5707963268
0.0000000000 0.0031750000 1.5707963268
primID: 1
startangle_c: 4
endpose_c: 0 8 4
additionalactioncostmult: 1
intermediateposes: 20
0.0000000000 0.0000000000 1.5707963268
0.0000000000 0.0013368421 1.5707963268
0.0000000000 0.0026736842 1.5707963268
0.0000000000 0.0040105263 1.5707963268
0.0000000000 0.0053473684 1.5707963268
0.0000000000 0.0066842105 1.5707963268
0.0000000000 0.0080210526 1.5707963268
0.0000000000 0.0093578947 1.5707963268
0.0000000000 0.0106947368 1.5707963268
0.0000000000 0.0120315789 1.5707963268
0.0000000000 0.0133684211 1.5707963268
0.0000000000 0.0147052632 1.5707963268
0.0000000000 0.0160421053 1.5707963268
0.0000000000 0.0173789474 1.5707963268
0.0000000000 0.0187157895 1.5707963268
0.0000000000 0.0200526316 1.5707963268
0.0000000000 0.0213894737 1.5707963268
0.0000000000 0.0227263158 1.5707963268
0.0000000000 0.0240631579 1.5707963268
0.0000000000 0.0254000000 1.5707963268
primID: 2
startangle_c: 4
endpose_c: 0 -1 4
additionalactioncostmult: 4
intermediateposes: 20
0.0000000000 0.0000000000 1.5707963268
0.0000000000 -0.0001671053 1.5707963268
0.0000000000 -0.0003342105 1.5707963268
0.0000000000 -0.0005013158 1.5707963268
0.0000000000 -0.0006684211 1.5707963268
0.0000000000 -0.0008355263 1.5707963268
0.0000000000 -0.0010026316 1.5707963268
0.0000000000 -0.0011697368 1.5707963268
0.0000000000 -0.0013368421 1.5707963268
0.0000000000 -0.0015039474 1.5707963268
0.0000000000 -0.0016710526 1.5707963268
0.0000000000 -0.0018381579 1.5707963268
0.0000000000 -0.0020052632 1.5707963268
0.0000000000 -0.0021723684 1.5707963268
0.0000000000 -0.0023394737 1.5707963268
0.0000000000 -0.0025065789 1.5707963268
0.0000000000 -0.0026736842 1.5707963268
0.0000000000 -0.0028407895 1.5707963268
0.0000000000 -0.0030078947 1.5707963268
0.0000000000 -0.0031750000 1.5707963268
primID: 3
startangle_c: 4
endpose_c: -1 8 5
additionalactioncostmult: 10
intermediateposes: 20
0.0000000000 0.0000000000 1.5707963268
0.0000000000 0.0013588292 1.5707963268
0.0000000000 0.0027176584 1.5707963268
0.0000000000 0.0040764876 1.5707963268
0.0000000000 0.0054353168 1.5707963268
0.0000000000 0.0067941460 1.5707963268
0.0000000000 0.0081529752 1.5707963268
-0.0000000649 0.0095118043 1.5725610574
-0.0000245944 0.0108703520 1.6051389200
-0.0000933615 0.0122273799 1.6377167826
-0.0002062935 0.0135814478 1.6702946452
-0.0003632703 0.0149311187 1.7028725078
-0.0005641254 0.0162749605 1.7354503704
-0.0008086458 0.0176115469 1.7680282329
-0.0010965718 0.0189394596 1.8006060955
-0.0014275979 0.0202572894 1.8331839581
-0.0018013729 0.0215636376 1.8657618207
-0.0022175001 0.0228571181 1.8983396833
-0.0026755378 0.0241363580 1.9309175459
-0.0031750000 0.0254000000 1.9634954085
primID: 4
startangle_c: 4
endpose_c: 1 8 3
additionalactioncostmult: 10
intermediateposes: 20
0.0000000000 0.0000000000 1.5707963268
-0.0000000000 0.0013588292 1.5707963268
-0.0000000000 0.0027176584 1.5707963268
-0.0000000000 0.0040764876 1.5707963268
-0.0000000000 0.0054353168 1.5707963268
-0.0000000000 0.0067941460 1.5707963268
-0.0000000000 0.0081529752 1.5707963268
0.0000000649 0.0095118043 1.5690315962
0.0000245944 0.0108703520 1.5364537336
0.0000933615 0.0122273799 1.5038758710
0.0002062935 0.0135814478 1.4712980084
0.0003632703 0.0149311187 1.4387201458
0.0005641254 0.0162749605 1.4061422832
0.0008086458 0.0176115469 1.3735644206
0.0010965718 0.0189394596 1.3409865581
0.0014275979 0.0202572894 1.3084086955
0.0018013729 0.0215636376 1.2758308329
0.0022175001 0.0228571181 1.2432529703
0.0026755378 0.0241363580 1.2106751077
0.0031750000 0.0254000000 1.1780972451
primID: 5
startangle_c: 4
endpose_c: 0 0 5
additionalactioncostmult: 2
intermediateposes: 20
0.0000000000 0.0000000000 1.5707963268
0.0000000000 0.0000000000 1.5914646995
0.0000000000 0.0000000000 1.6121330722
0.0000000000 0.0000000000 1.6328014450
0.0000000000 0.0000000000 1.6534698177
0.0000000000 0.0000000000 1.6741381904
0.0000000000 0.0000000000 1.6948065631
0.0000000000 0.0000000000 1.7154749358
0.0000000000 0.0000000000 1.7361433086
0.0000000000 0.0000000000 1.7568116813
0.0000000000 0.0000000000 1.7774800540
0.0000000000 0.0000000000 1.7981484267
0.0000000000 0.0000000000 1.8188167994
0.0000000000 0.0000000000 1.8394851722
0.0000000000 0.0000000000 1.8601535449
0.0000000000 0.0000000000 1.8808219176
0.0000000000 0.0000000000 1.9014902903
0.0000000000 0.0000000000 1.9221586631
0.0000000000 0.0000000000 1.9428270358
0.0000000000 0.0000000000 1.9634954085
primID: 6
startangle_c: 4
endpose_c: 0 0 3
additionalactioncostmult: 2
intermediateposes: 20
0.0000000000 0.0000000000 1.5707963268
0.0000000000 0.0000000000 1.5501279541
0.0000000000 0.0000000000 1.5294595814
0.0000000000 0.0000000000 1.5087912086
0.0000000000 0.0000000000 1.4881228359
0.0000000000 0.0000000000 1.4674544632
0.0000000000 0.0000000000 1.4467860905
0.0000000000 0.0000000000 1.4261177177
0.0000000000 0.0000000000 1.4054493450
0.0000000000 0.0000000000 1.3847809723
0.0000000000 0.0000000000 1.3641125996
0.0000000000 0.0000000000 1.3434442269
0.0000000000 0.0000000000 1.3227758541
0.0000000000 0.0000000000 1.3021074814
0.0000000000 0.0000000000 1.2814391087
0.0000000000 0.0000000000 1.2607707360
0.0000000000 0.0000000000 1.2401023633
0.0000000000 0.0000000000 1.2194339905
0.0000000000 0.0000000000 1.1987656178
0.0000000000 0.0000000000 1.1780972451
primID: 0
startangle_c: 5
endpose_c: -1 2 5
additionalactioncostmult: 1
intermediateposes: 20
0.0000000000 0.0000000000 1.9634954085
-0.0001671053 0.0003342105 1.9634954085
-0.0003342105 0.0006684211 1.9634954085
-0.0005013158 0.0010026316 1.9634954085
-0.0006684211 0.0013368421 1.9634954085
-0.0008355263 0.0016710526 1.9634954085
-0.0010026316 0.0020052632 1.9634954085
-0.0011697368 0.0023394737 1.9634954085
-0.0013368421 0.0026736842 1.9634954085
-0.0015039474 0.0030078947 1.9634954085
-0.0016710526 0.0033421053 1.9634954085
-0.0018381579 0.0036763158 1.9634954085
-0.0020052632 0.0040105263 1.9634954085
-0.0021723684 0.0043447368 1.9634954085
-0.0023394737 0.0046789474 1.9634954085
-0.0025065789 0.0050131579 1.9634954085
-0.0026736842 0.0053473684 1.9634954085
-0.0028407895 0.0056815789 1.9634954085
-0.0030078947 0.0060157895 1.9634954085
-0.0031750000 0.0063500000 1.9634954085
primID: 1
startangle_c: 5
endpose_c: -3 6 5
additionalactioncostmult: 1
intermediateposes: 20
0.0000000000 0.0000000000 1.9634954085
-0.0005013158 0.0010026316 1.9634954085
-0.0010026316 0.0020052632 1.9634954085
-0.0015039474 0.0030078947 1.9634954085
-0.0020052632 0.0040105263 1.9634954085
-0.0025065789 0.0050131579 1.9634954085
-0.0030078947 0.0060157895 1.9634954085
-0.0035092105 0.0070184211 1.9634954085
-0.0040105263 0.0080210526 1.9634954085
-0.0045118421 0.0090236842 1.9634954085
-0.0050131579 0.0100263158 1.9634954085
-0.0055144737 0.0110289474 1.9634954085
-0.0060157895 0.0120315789 1.9634954085
-0.0065171053 0.0130342105 1.9634954085
-0.0070184211 0.0140368421 1.9634954085
-0.0075197368 0.0150394737 1.9634954085
-0.0080210526 0.0160421053 1.9634954085
-0.0085223684 0.0170447368 1.9634954085
-0.0090236842 0.0180473684 1.9634954085
-0.0095250000 0.0190500000 1.9634954085
primID: 2
startangle_c: 5
endpose_c: 1 -2 5
additionalactioncostmult: 4
intermediateposes: 20
0.0000000000 0.0000000000 1.9634954085
0.0001671053 -0.0003342105 1.9634954085
0.0003342105 -0.0006684211 1.9634954085
0.0005013158 -0.0010026316 1.9634954085
0.0006684211 -0.0013368421 1.9634954085
0.0008355263 -0.0016710526 1.9634954085
0.0010026316 -0.0020052632 1.9634954085
0.0011697368 -0.0023394737 1.9634954085
0.0013368421 -0.0026736842 1.9634954085
0.0015039474 -0.0030078947 1.9634954085
0.0016710526 -0.0033421053 1.9634954085
0.0018381579 -0.0036763158 1.9634954085
0.0020052632 -0.0040105263 1.9634954085
0.0021723684 -0.0043447368 1.9634954085
0.0023394737 -0.0046789474 1.9634954085
0.0025065789 -0.0050131579 1.9634954085
0.0026736842 -0.0053473684 1.9634954085
0.0028407895 -0.0056815789 1.9634954085
0.0030078947 -0.0060157895 1.9634954085
0.0031750000 -0.0063500000 1.9634954085
primID: 3
startangle_c: 5
endpose_c: -4 5 6
additionalactioncostmult: 10
intermediateposes: 20
0.0000000000 0.0000000000 1.9634954085
-0.0005469493 0.0009000629 1.9778486556
-0.0011079606 0.0017940633 1.9922019027
-0.0016829455 0.0026817999 2.0065551498
-0.0022718126 0.0035630727 2.0209083968
-0.0028744677 0.0044376833 2.0352616439
-0.0034908139 0.0053054344 2.0496148910
-0.0041207511 0.0061661302 2.0639681381
-0.0047641768 0.0070195764 2.0783213852
-0.0054209855 0.0078655801 2.0926746323
-0.0060910691 0.0087039500 2.1070278794
-0.0067743165 0.0095344964 2.1213811264
-0.0074706142 0.0103570310 2.1357343735
-0.0081798458 0.0111713676 2.1500876206
-0.0089018923 0.0119773211 2.1644408677
-0.0096366320 0.0127747087 2.1787941148
-0.0103839408 0.0135633489 2.1931473619
-0.0111436917 0.0143430624 2.2075006090
-0.0119157555 0.0151136713 2.2218538560
-0.0127000000 0.0158750000 2.2362071031
primID: 4
startangle_c: 5
endpose_c: -2 7 4
additionalactioncostmult: 10
intermediateposes: 20
0.0000000000 0.0000000000 1.9634954085
-0.0004695007 0.0011334751 1.9634954085
-0.0009390015 0.0022669502 1.9634954085
-0.0014085022 0.0034004252 1.9634954085
-0.0018780030 0.0045339003 1.9634954085
-0.0023475037 0.0056673754 1.9634954085
-0.0028170045 0.0068008505 1.9634954085
-0.0032865052 0.0079343255 1.9634954085
-0.0037558256 0.0090678751 1.9601398567
-0.0042013378 0.0102109230 1.9247449903
-0.0046061214 0.0113690205 1.8893501240
-0.0049696692 0.0125407169 1.8539552576
-0.0052915260 0.0137245445 1.8185603913
-0.0055712886 0.0149190203 1.7831655249
-0.0058086064 0.0161226481 1.7477706586
-0.0060031822 0.0173339200 1.7123757922
-0.0061547724 0.0185513189 1.6769809259
-0.0062631868 0.0197733197 1.6415860595
-0.0063282899 0.0209983916 1.6061911931
-0.0063500000 0.0222250000 1.5707963268
primID: 5
startangle_c: 5
endpose_c: 0 0 6
additionalactioncostmult: 2
intermediateposes: 20
0.0000000000 0.0000000000 1.9634954085
0.0000000000 0.0000000000 1.9841637812
0.0000000000 0.0000000000 2.0048321539
0.0000000000 0.0000000000 2.0255005267
0.0000000000 0.0000000000 2.0461688994
0.0000000000 0.0000000000 2.0668372721
0.0000000000 0.0000000000 2.0875056448
0.0000000000 0.0000000000 2.1081740175
0.0000000000 0.0000000000 2.1288423903
0.0000000000 0.0000000000 2.1495107630
0.0000000000 0.0000000000 2.1701791357
0.0000000000 0.0000000000 2.1908475084
0.0000000000 0.0000000000 2.2115158811
0.0000000000 0.0000000000 2.2321842539
0.0000000000 0.0000000000 2.2528526266
0.0000000000 0.0000000000 2.2735209993
0.0000000000 0.0000000000 2.2941893720
0.0000000000 0.0000000000 2.3148577448
0.0000000000 0.0000000000 2.3355261175
0.0000000000 0.0000000000 2.3561944902
primID: 6
startangle_c: 5
endpose_c: 0 0 4
additionalactioncostmult: 2
intermediateposes: 20
0.0000000000 0.0000000000 1.9634954085
0.0000000000 0.0000000000 1.9428270358
0.0000000000 0.0000000000 1.9221586631
0.0000000000 0.0000000000 1.9014902903
0.0000000000 0.0000000000 1.8808219176
0.0000000000 0.0000000000 1.8601535449
0.0000000000 0.0000000000 1.8394851722
0.0000000000 0.0000000000 1.8188167994
0.0000000000 0.0000000000 1.7981484267
0.0000000000 0.0000000000 1.7774800540
0.0000000000 0.0000000000 1.7568116813
0.0000000000 0.0000000000 1.7361433086
0.0000000000 0.0000000000 1.7154749358
0.0000000000 0.0000000000 1.6948065631
0.0000000000 0.0000000000 1.6741381904
0.0000000000 0.0000000000 1.6534698177
0.0000000000 0.0000000000 1.6328014450
0.0000000000 0.0000000000 1.6121330722
0.0000000000 0.0000000000 1.5914646995
0.0000000000 0.0000000000 1.5707963268
primID: 0
startangle_c: 6
endpose_c: -1 1 6
additionalactioncostmult: 1
intermediateposes: 20
0.0000000000 0.0000000000 2.3561944902
-0.0001671053 0.0001671053 2.3561944902
-0.0003342105 0.0003342105 2.3561944902
-0.0005013158 0.0005013158 2.3561944902
-0.0006684211 0.0006684211 2.3561944902
-0.0008355263 0.0008355263 2.3561944902
-0.0010026316 0.0010026316 2.3561944902
-0.0011697368 0.0011697368 2.3561944902
-0.0013368421 0.0013368421 2.3561944902
-0.0015039474 0.0015039474 2.3561944902
-0.0016710526 0.0016710526 2.3561944902
-0.0018381579 0.0018381579 2.3561944902
-0.0020052632 0.0020052632 2.3561944902
-0.0021723684 0.0021723684 2.3561944902
-0.0023394737 0.0023394737 2.3561944902
-0.0025065789 0.0025065789 2.3561944902
-0.0026736842 0.0026736842 2.3561944902
-0.0028407895 0.0028407895 2.3561944902
-0.0030078947 0.0030078947 2.3561944902
-0.0031750000 0.0031750000 2.3561944902
primID: 1
startangle_c: 6
endpose_c: -6 6 6
additionalactioncostmult: 1
intermediateposes: 20
0.0000000000 0.0000000000 2.3561944902
-0.0010026316 0.0010026316 2.3561944902
-0.0020052632 0.0020052632 2.3561944902
-0.0030078947 0.0030078947 2.3561944902
-0.0040105263 0.0040105263 2.3561944902
-0.0050131579 0.0050131579 2.3561944902
-0.0060157895 0.0060157895 2.3561944902
-0.0070184211 0.0070184211 2.3561944902
-0.0080210526 0.0080210526 2.3561944902
-0.0090236842 0.0090236842 2.3561944902
-0.0100263158 0.0100263158 2.3561944902
-0.0110289474 0.0110289474 2.3561944902
-0.0120315789 0.0120315789 2.3561944902
-0.0130342105 0.0130342105 2.3561944902
-0.0140368421 0.0140368421 2.3561944902
-0.0150394737 0.0150394737 2.3561944902
-0.0160421053 0.0160421053 2.3561944902
-0.0170447368 0.0170447368 2.3561944902
-0.0180473684 0.0180473684 2.3561944902
-0.0190500000 0.0190500000 2.3561944902
primID: 2
startangle_c: 6
endpose_c: 1 -1 6
additionalactioncostmult: 4
intermediateposes: 20
0.0000000000 0.0000000000 2.3561944902
0.0001671053 -0.0001671053 2.3561944902
0.0003342105 -0.0003342105 2.3561944902
0.0005013158 -0.0005013158 2.3561944902
0.0006684211 -0.0006684211 2.3561944902
0.0008355263 -0.0008355263 2.3561944902
0.0010026316 -0.0010026316 2.3561944902
0.0011697368 -0.0011697368 2.3561944902
0.0013368421 -0.0013368421 2.3561944902
0.0015039474 -0.0015039474 2.3561944902
0.0016710526 -0.0016710526 2.3561944902
0.0018381579 -0.0018381579 2.3561944902
0.0020052632 -0.0020052632 2.3561944902
0.0021723684 -0.0021723684 2.3561944902
0.0023394737 -0.0023394737 2.3561944902
0.0025065789 -0.0025065789 2.3561944902
0.0026736842 -0.0026736842 2.3561944902
0.0028407895 -0.0028407895 2.3561944902
0.0030078947 -0.0030078947 2.3561944902
0.0031750000 -0.0031750000 2.3561944902
primID: 3
startangle_c: 6
endpose_c: -7 5 7
additionalactioncostmult: 10
intermediateposes: 20
0.0000000000 0.0000000000 2.3561944902
-0.0010246187 0.0010246187 2.3561944902
-0.0020492373 0.0020492373 2.3561944902
-0.0030738560 0.0030738560 2.3561944902
-0.0041106105 0.0040861414 2.3804158448
-0.0051719142 0.0050726583 2.4049810266
-0.0062571292 0.0060328091 2.4295462084
-0.0073656007 0.0069660144 2.4541113902
-0.0084966599 0.0078717111 2.4786765721
-0.0096496241 0.0087493527 2.5032417539
-0.0108237978 0.0095984095 2.5278069357
-0.0120184723 0.0104183693 2.5523721175
-0.0132329268 0.0112087372 2.5769372993
-0.0144664285 0.0119690364 2.6015024811
-0.0157182330 0.0126988080 2.6260676629
-0.0169875851 0.0133976118 2.6506328447
-0.0182737186 0.0140650260 2.6751980265
-0.0195758577 0.0147006478 2.6997632083
-0.0208932164 0.0153040939 2.7243283901
-0.0222250000 0.0158750000 2.7488935719
primID: 4
startangle_c: 6
endpose_c: -5 7 5
additionalactioncostmult: 10
intermediateposes: 20
0.0000000000 0.0000000000 2.3561944902
-0.0010246187 0.0010246187 2.3561944902
-0.0020492373 0.0020492373 2.3561944902
-0.0030738560 0.0030738560 2.3561944902
-0.0040861414 0.0041106105 2.3319731355
-0.0050726583 0.0051719142 2.3074079537
-0.0060328091 0.0062571292 2.2828427719
-0.0069660144 0.0073656007 2.2582775901
-0.0078717111 0.0084966599 2.2337124083
-0.0087493527 0.0096496241 2.2091472265
-0.0095984095 0.0108237978 2.1845820447
-0.0104183693 0.0120184723 2.1600168629
-0.0112087372 0.0132329268 2.1354516811
-0.0119690364 0.0144664285 2.1108864993
-0.0126988080 0.0157182330 2.0863213175
-0.0133976118 0.0169875851 2.0617561357
-0.0140650260 0.0182737186 2.0371909539
-0.0147006478 0.0195758577 2.0126257721
-0.0153040939 0.0208932164 1.9880605903
-0.0158750000 0.0222250000 1.9634954085
primID: 5
startangle_c: 6
endpose_c: 0 0 7
additionalactioncostmult: 2
intermediateposes: 20
0.0000000000 0.0000000000 2.3561944902
0.0000000000 0.0000000000 2.3768628629
0.0000000000 0.0000000000 2.3975312356
0.0000000000 0.0000000000 2.4181996084
0.0000000000 0.0000000000 2.4388679811
0.0000000000 0.0000000000 2.4595363538
0.0000000000 0.0000000000 2.4802047265
0.0000000000 0.0000000000 2.5008730992
0.0000000000 0.0000000000 2.5215414720
0.0000000000 0.0000000000 2.5422098447
0.0000000000 0.0000000000 2.5628782174
0.0000000000 0.0000000000 2.5835465901
0.0000000000 0.0000000000 2.6042149628
0.0000000000 0.0000000000 2.6248833356
0.0000000000 0.0000000000 2.6455517083
0.0000000000 0.0000000000 2.6662200810
0.0000000000 0.0000000000 2.6868884537
0.0000000000 0.0000000000 2.7075568264
0.0000000000 0.0000000000 2.7282251992
0.0000000000 0.0000000000 2.7488935719
primID: 6
startangle_c: 6
endpose_c: 0 0 5
additionalactioncostmult: 2
intermediateposes: 20
0.0000000000 0.0000000000 2.3561944902
0.0000000000 0.0000000000 2.3355261175
0.0000000000 0.0000000000 2.3148577448
0.0000000000 0.0000000000 2.2941893720
0.0000000000 0.0000000000 2.2735209993
0.0000000000 0.0000000000 2.2528526266
0.0000000000 0.0000000000 2.2321842539
0.0000000000 0.0000000000 2.2115158811
0.0000000000 0.0000000000 2.1908475084
0.0000000000 0.0000000000 2.1701791357
0.0000000000 0.0000000000 2.1495107630
0.0000000000 0.0000000000 2.1288423903
0.0000000000 0.0000000000 2.1081740175
0.0000000000 0.0000000000 2.0875056448
0.0000000000 0.0000000000 2.0668372721
0.0000000000 0.0000000000 2.0461688994
0.0000000000 0.0000000000 2.0255005267
0.0000000000 0.0000000000 2.0048321539
0.0000000000 0.0000000000 1.9841637812
0.0000000000 0.0000000000 1.9634954085
primID: 0
startangle_c: 7
endpose_c: -2 1 7
additionalactioncostmult: 1
intermediateposes: 20
0.0000000000 0.0000000000 2.7488935719
-0.0003342105 0.0001671053 2.7488935719
-0.0006684211 0.0003342105 2.7488935719
-0.0010026316 0.0005013158 2.7488935719
-0.0013368421 0.0006684211 2.7488935719
-0.0016710526 0.0008355263 2.7488935719
-0.0020052632 0.0010026316 2.7488935719
-0.0023394737 0.0011697368 2.7488935719
-0.0026736842 0.0013368421 2.7488935719
-0.0030078947 0.0015039474 2.7488935719
-0.0033421053 0.0016710526 2.7488935719
-0.0036763158 0.0018381579 2.7488935719
-0.0040105263 0.0020052632 2.7488935719
-0.0043447368 0.0021723684 2.7488935719
-0.0046789474 0.0023394737 2.7488935719
-0.0050131579 0.0025065789 2.7488935719
-0.0053473684 0.0026736842 2.7488935719
-0.0056815789 0.0028407895 2.7488935719
-0.0060157895 0.0030078947 2.7488935719
-0.0063500000 0.0031750000 2.7488935719
primID: 1
startangle_c: 7
endpose_c: -6 3 7
additionalactioncostmult: 1
intermediateposes: 20
0.0000000000 0.0000000000 2.7488935719
-0.0010026316 0.0005013158 2.7488935719
-0.0020052632 0.0010026316 2.7488935719
-0.0030078947 0.0015039474 2.7488935719
-0.0040105263 0.0020052632 2.7488935719
-0.0050131579 0.0025065789 2.7488935719
-0.0060157895 0.0030078947 2.7488935719
-0.0070184211 0.0035092105 2.7488935719
-0.0080210526 0.0040105263 2.7488935719
-0.0090236842 0.0045118421 2.7488935719
-0.0100263158 0.0050131579 2.7488935719
-0.0110289474 0.0055144737 2.7488935719
-0.0120315789 0.0060157895 2.7488935719
-0.0130342105 0.0065171053 2.7488935719
-0.0140368421 0.0070184211 2.7488935719
-0.0150394737 0.0075197368 2.7488935719
-0.0160421053 0.0080210526 2.7488935719
-0.0170447368 0.0085223684 2.7488935719
-0.0180473684 0.0090236842 2.7488935719
-0.0190500000 0.0095250000 2.7488935719
primID: 2
startangle_c: 7
endpose_c: 2 -1 7
additionalactioncostmult: 4
intermediateposes: 20
0.0000000000 0.0000000000 2.7488935719
0.0003342105 -0.0001671053 2.7488935719
0.0006684211 -0.0003342105 2.7488935719
0.0010026316 -0.0005013158 2.7488935719
0.0013368421 -0.0006684211 2.7488935719
0.0016710526 -0.0008355263 2.7488935719
0.0020052632 -0.0010026316 2.7488935719
0.0023394737 -0.0011697368 2.7488935719
0.0026736842 -0.0013368421 2.7488935719
0.0030078947 -0.0015039474 2.7488935719
0.0033421053 -0.0016710526 2.7488935719
0.0036763158 -0.0018381579 2.7488935719
0.0040105263 -0.0020052632 2.7488935719
0.0043447368 -0.0021723684 2.7488935719
0.0046789474 -0.0023394737 2.7488935719
0.0050131579 -0.0025065789 2.7488935719
0.0053473684 -0.0026736842 2.7488935719
0.0056815789 -0.0028407895 2.7488935719
0.0060157895 -0.0030078947 2.7488935719
0.0063500000 -0.0031750000 2.7488935719
primID: 3
startangle_c: 7
endpose_c: -5 4 6
additionalactioncostmult: 10
intermediateposes: 20
0.0000000000 0.0000000000 2.7488935719
-0.0009000629 0.0005469493 2.7345403248
-0.0017940633 0.0011079606 2.7201870777
-0.0026817999 0.0016829455 2.7058338306
-0.0035630727 0.0022718126 2.6914805835
-0.0044376833 0.0028744677 2.6771273365
-0.0053054344 0.0034908139 2.6627740894
-0.0061661302 0.0041207511 2.6484208423
-0.0070195764 0.0047641768 2.6340675952
-0.0078655801 0.0054209855 2.6197143481
-0.0087039500 0.0060910691 2.6053611010
-0.0095344964 0.0067743165 2.5910078539
-0.0103570310 0.0074706142 2.5766546069
-0.0111713676 0.0081798458 2.5623013598
-0.0119773211 0.0089018923 2.5479481127
-0.0127747087 0.0096366320 2.5335948656
-0.0135633489 0.0103839408 2.5192416185
-0.0143430624 0.0111436917 2.5048883714
-0.0151136713 0.0119157555 2.4905351243
-0.0158750000 0.0127000000 2.4761818773
primID: 4
startangle_c: 7
endpose_c: -7 2 8
additionalactioncostmult: 10
intermediateposes: 20
0.0000000000 0.0000000000 2.7488935719
-0.0011334751 0.0004695007 2.7488935719
-0.0022669502 0.0009390015 2.7488935719
-0.0034004252 0.0014085022 2.7488935719
-0.0045339003 0.0018780030 2.7488935719
-0.0056673754 0.0023475037 2.7488935719
-0.0068008505 0.0028170045 2.7488935719
-0.0079343255 0.0032865052 2.7488935719
-0.0090678751 0.0037558256 2.7522491237
-0.0102109230 0.0042013378 2.7876439900
-0.0113690205 0.0046061214 2.8230388564
-0.0125407169 0.0049696692 2.8584337227
-0.0137245445 0.0052915260 2.8938285891
-0.0149190203 0.0055712886 2.9292234555
-0.0161226481 0.0058086064 2.9646183218
-0.0173339200 0.0060031822 3.0000131882
-0.0185513189 0.0061547724 3.0354080545
-0.0197733197 0.0062631868 3.0708029209
-0.0209983916 0.0063282899 3.1061977872
-0.0222250000 0.0063500000 3.1415926536
primID: 5
startangle_c: 7
endpose_c: 0 0 6
additionalactioncostmult: 2
intermediateposes: 20
0.0000000000 0.0000000000 2.7488935719
0.0000000000 0.0000000000 2.7282251992
0.0000000000 0.0000000000 2.7075568264
0.0000000000 0.0000000000 2.6868884537
0.0000000000 0.0000000000 2.6662200810
0.0000000000 0.0000000000 2.6455517083
0.0000000000 0.0000000000 2.6248833356
0.0000000000 0.0000000000 2.6042149628
0.0000000000 0.0000000000 2.5835465901
0.0000000000 0.0000000000 2.5628782174
0.0000000000 0.0000000000 2.5422098447
0.0000000000 0.0000000000 2.5215414720
0.0000000000 0.0000000000 2.5008730992
0.0000000000 0.0000000000 2.4802047265
0.0000000000 0.0000000000 2.4595363538
0.0000000000 0.0000000000 2.4388679811
0.0000000000 0.0000000000 2.4181996084
0.0000000000 0.0000000000 2.3975312356
0.0000000000 0.0000000000 2.3768628629
0.0000000000 0.0000000000 2.3561944902
primID: 6
startangle_c: 7
endpose_c: 0 0 8
additionalactioncostmult: 2
intermediateposes: 20
0.0000000000 0.0000000000 2.7488935719
0.0000000000 0.0000000000 2.7695619446
0.0000000000 0.0000000000 2.7902303173
0.0000000000 0.0000000000 2.8108986901
0.0000000000 0.0000000000 2.8315670628
0.0000000000 0.0000000000 2.8522354355
0.0000000000 0.0000000000 2.8729038082
0.0000000000 0.0000000000 2.8935721809
0.0000000000 0.0000000000 2.9142405537
0.0000000000 0.0000000000 2.9349089264
0.0000000000 0.0000000000 2.9555772991
0.0000000000 0.0000000000 2.9762456718
0.0000000000 0.0000000000 2.9969140445
0.0000000000 0.0000000000 3.0175824173
0.0000000000 0.0000000000 3.0382507900
0.0000000000 0.0000000000 3.0589191627
0.0000000000 0.0000000000 3.0795875354
0.0000000000 0.0000000000 3.1002559081
0.0000000000 0.0000000000 3.1209242809
0.0000000000 0.0000000000 3.1415926536
primID: 0
startangle_c: 8
endpose_c: -1 0 8
additionalactioncostmult: 1
intermediateposes: 20
0.0000000000 0.0000000000 3.1415926536
-0.0001671053 0.0000000000 3.1415926536
-0.0003342105 0.0000000000 3.1415926536
-0.0005013158 0.0000000000 3.1415926536
-0.0006684211 0.0000000000 3.1415926536
-0.0008355263 0.0000000000 3.1415926536
-0.0010026316 0.0000000000 3.1415926536
-0.0011697368 0.0000000000 3.1415926536
-0.0013368421 0.0000000000 3.1415926536
-0.0015039474 0.0000000000 3.1415926536
-0.0016710526 0.0000000000 3.1415926536
-0.0018381579 0.0000000000 3.1415926536
-0.0020052632 0.0000000000 3.1415926536
-0.0021723684 0.0000000000 3.1415926536
-0.0023394737 0.0000000000 3.1415926536
-0.0025065789 0.0000000000 3.1415926536
-0.0026736842 0.0000000000 3.1415926536
-0.0028407895 0.0000000000 3.1415926536
-0.0030078947 0.0000000000 3.1415926536
-0.0031750000 0.0000000000 3.1415926536
primID: 1
startangle_c: 8
endpose_c: -8 0 8
additionalactioncostmult: 1
intermediateposes: 20
0.0000000000 0.0000000000 3.1415926536
-0.0013368421 0.0000000000 3.1415926536
-0.0026736842 0.0000000000 3.1415926536
-0.0040105263 0.0000000000 3.1415926536
-0.0053473684 0.0000000000 3.1415926536
-0.0066842105 0.0000000000 3.1415926536
-0.0080210526 0.0000000000 3.1415926536
-0.0093578947 0.0000000000 3.1415926536
-0.0106947368 0.0000000000 3.1415926536
-0.0120315789 0.0000000000 3.1415926536
-0.0133684211 0.0000000000 3.1415926536
-0.0147052632 0.0000000000 3.1415926536
-0.0160421053 0.0000000000 3.1415926536
-0.0173789474 0.0000000000 3.1415926536
-0.0187157895 0.0000000000 3.1415926536
-0.0200526316 0.0000000000 3.1415926536
-0.0213894737 0.0000000000 3.1415926536
-0.0227263158 0.0000000000 3.1415926536
-0.0240631579 0.0000000000 3.1415926536
-0.0254000000 0.0000000000 3.1415926536
primID: 2
startangle_c: 8
endpose_c: 1 0 8
additionalactioncostmult: 4
intermediateposes: 20
0.0000000000 0.0000000000 3.1415926536
0.0001671053 0.0000000000 3.1415926536
0.0003342105 0.0000000000 3.1415926536
0.0005013158 0.0000000000 3.1415926536
0.0006684211 0.0000000000 3.1415926536
0.0008355263 0.0000000000 3.1415926536
0.0010026316 0.0000000000 3.1415926536
0.0011697368 0.0000000000 3.1415926536
0.0013368421 0.0000000000 3.1415926536
0.0015039474 0.0000000000 3.1415926536
0.0016710526 0.0000000000 3.1415926536
0.0018381579 0.0000000000 3.1415926536
0.0020052632 0.0000000000 3.1415926536
0.0021723684 0.0000000000 3.1415926536
0.0023394737 0.0000000000 3.1415926536
0.0025065789 0.0000000000 3.1415926536
0.0026736842 0.0000000000 3.1415926536
0.0028407895 0.0000000000 3.1415926536
0.0030078947 0.0000000000 3.1415926536
0.0031750000 0.0000000000 3.1415926536
primID: 3
startangle_c: 8
endpose_c: -8 -1 9
additionalactioncostmult: 10
intermediateposes: 20
0.0000000000 0.0000000000 3.1415926536
-0.0013588292 0.0000000000 3.1415926536
-0.0027176584 0.0000000000 3.1415926536
-0.0040764876 0.0000000000 3.1415926536
-0.0054353168 0.0000000000 3.1415926536
-0.0067941460 0.0000000000 3.1415926536
-0.0081529752 0.0000000000 3.1415926536
-0.0095118043 -0.0000000649 3.1433573842
-0.0108703520 -0.0000245944 3.1759352468
-0.0122273799 -0.0000933615 3.2085131094
-0.0135814478 -0.0002062935 3.2410909720
-0.0149311187 -0.0003632703 3.2736688346
-0.0162749605 -0.0005641254 3.3062466971
-0.0176115469 -0.0008086458 3.3388245597
-0.0189394596 -0.0010965718 3.3714024223
-0.0202572894 -0.0014275979 3.4039802849
-0.0215636376 -0.0018013729 3.4365581475
-0.0228571181 -0.0022175001 3.4691360101
-0.0241363580 -0.0026755378 3.5017138727
-0.0254000000 -0.0031750000 3.5342917353
primID: 4
startangle_c: 8
endpose_c: -8 1 7
additionalactioncostmult: 10
intermediateposes: 20
0.0000000000 0.0000000000 3.1415926536
-0.0013588292 0.0000000000 3.1415926536
-0.0027176584 0.0000000000 3.1415926536
-0.0040764876 0.0000000000 3.1415926536
-0.0054353168 0.0000000000 3.1415926536
-0.0067941460 0.0000000000 3.1415926536
-0.0081529752 0.0000000000 3.1415926536
-0.0095118043 0.0000000649 3.1398279230
-0.0108703520 0.0000245944 3.1072500604
-0.0122273799 0.0000933615 3.0746721978
-0.0135814478 0.0002062935 3.0420943352
-0.0149311187 0.0003632703 3.0095164726
-0.0162749605 0.0005641254 2.9769386100
-0.0176115469 0.0008086458 2.9443607474
-0.0189394596 0.0010965718 2.9117828848
-0.0202572894 0.0014275979 2.8792050223
-0.0215636376 0.0018013729 2.8466271597
-0.0228571181 0.0022175001 2.8140492971
-0.0241363580 0.0026755378 2.7814714345
-0.0254000000 0.0031750000 2.7488935719
primID: 5
startangle_c: 8
endpose_c: 0 0 9
additionalactioncostmult: 2
intermediateposes: 20
0.0000000000 0.0000000000 3.1415926536
0.0000000000 0.0000000000 3.1622610263
0.0000000000 0.0000000000 3.1829293990
0.0000000000 0.0000000000 3.2035977718
0.0000000000 0.0000000000 3.2242661445
0.0000000000 0.0000000000 3.2449345172
0.0000000000 0.0000000000 3.2656028899
0.0000000000 0.0000000000 3.2862712626
0.0000000000 0.0000000000 3.3069396354
0.0000000000 0.0000000000 3.3276080081
0.0000000000 0.0000000000 3.3482763808
0.0000000000 0.0000000000 3.3689447535
0.0000000000 0.0000000000 3.3896131262
0.0000000000 0.0000000000 3.4102814990
0.0000000000 0.0000000000 3.4309498717
0.0000000000 0.0000000000 3.4516182444
0.0000000000 0.0000000000 3.4722866171
0.0000000000 0.0000000000 3.4929549898
0.0000000000 0.0000000000 3.5136233626
0.0000000000 0.0000000000 3.5342917353
primID: 6
startangle_c: 8
endpose_c: 0 0 7
additionalactioncostmult: 2
intermediateposes: 20
0.0000000000 0.0000000000 3.1415926536
0.0000000000 0.0000000000 3.1209242809
0.0000000000 0.0000000000 3.1002559081
0.0000000000 0.0000000000 3.0795875354
0.0000000000 0.0000000000 3.0589191627
0.0000000000 0.0000000000 3.0382507900
0.0000000000 0.0000000000 3.0175824173
0.0000000000 0.0000000000 2.9969140445
0.0000000000 0.0000000000 2.9762456718
0.0000000000 0.0000000000 2.9555772991
0.0000000000 0.0000000000 2.9349089264
0.0000000000 0.0000000000 2.9142405537
0.0000000000 0.0000000000 2.8935721809
0.0000000000 0.0000000000 2.8729038082
0.0000000000 0.0000000000 2.8522354355
0.0000000000 0.0000000000 2.8315670628
0.0000000000 0.0000000000 2.8108986901
0.0000000000 0.0000000000 2.7902303173
0.0000000000 0.0000000000 2.7695619446
0.0000000000 0.0000000000 2.7488935719
primID: 0
startangle_c: 9
endpose_c: -2 -1 9
additionalactioncostmult: 1
intermediateposes: 20
0.0000000000 0.0000000000 3.5342917353
-0.0003342105 -0.0001671053 3.5342917353
-0.0006684211 -0.0003342105 3.5342917353
-0.0010026316 -0.0005013158 3.5342917353
-0.0013368421 -0.0006684211 3.5342917353
-0.0016710526 -0.0008355263 3.5342917353
-0.0020052632 -0.0010026316 3.5342917353
-0.0023394737 -0.0011697368 3.5342917353
-0.0026736842 -0.0013368421 3.5342917353
-0.0030078947 -0.0015039474 3.5342917353
-0.0033421053 -0.0016710526 3.5342917353
-0.0036763158 -0.0018381579 3.5342917353
-0.0040105263 -0.0020052632 3.5342917353
-0.0043447368 -0.0021723684 3.5342917353
-0.0046789474 -0.0023394737 3.5342917353
-0.0050131579 -0.0025065789 3.5342917353
-0.0053473684 -0.0026736842 3.5342917353
-0.0056815789 -0.0028407895 3.5342917353
-0.0060157895 -0.0030078947 3.5342917353
-0.0063500000 -0.0031750000 3.5342917353
primID: 1
startangle_c: 9
endpose_c: -6 -3 9
additionalactioncostmult: 1
intermediateposes: 20
0.0000000000 0.0000000000 3.5342917353
-0.0010026316 -0.0005013158 3.5342917353
-0.0020052632 -0.0010026316 3.5342917353
-0.0030078947 -0.0015039474 3.5342917353
-0.0040105263 -0.0020052632 3.5342917353
-0.0050131579 -0.0025065789 3.5342917353
-0.0060157895 -0.0030078947 3.5342917353
-0.0070184211 -0.0035092105 3.5342917353
-0.0080210526 -0.0040105263 3.5342917353
-0.0090236842 -0.0045118421 3.5342917353
-0.0100263158 -0.0050131579 3.5342917353
-0.0110289474 -0.0055144737 3.5342917353
-0.0120315789 -0.0060157895 3.5342917353
-0.0130342105 -0.0065171053 3.5342917353
-0.0140368421 -0.0070184211 3.5342917353
-0.0150394737 -0.0075197368 3.5342917353
-0.0160421053 -0.0080210526 3.5342917353
-0.0170447368 -0.0085223684 3.5342917353
-0.0180473684 -0.0090236842 3.5342917353
-0.0190500000 -0.0095250000 3.5342917353
primID: 2
startangle_c: 9
endpose_c: 2 1 9
additionalactioncostmult: 4
intermediateposes: 20
0.0000000000 0.0000000000 3.5342917353
0.0003342105 0.0001671053 3.5342917353
0.0006684211 0.0003342105 3.5342917353
0.0010026316 0.0005013158 3.5342917353
0.0013368421 0.0006684211 3.5342917353
0.0016710526 0.0008355263 3.5342917353
0.0020052632 0.0010026316 3.5342917353
0.0023394737 0.0011697368 3.5342917353
0.0026736842 0.0013368421 3.5342917353
0.0030078947 0.0015039474 3.5342917353
0.0033421053 0.0016710526 3.5342917353
0.0036763158 0.0018381579 3.5342917353
0.0040105263 0.0020052632 3.5342917353
0.0043447368 0.0021723684 3.5342917353
0.0046789474 0.0023394737 3.5342917353
0.0050131579 0.0025065789 3.5342917353
0.0053473684 0.0026736842 3.5342917353
0.0056815789 0.0028407895 3.5342917353
0.0060157895 0.0030078947 3.5342917353
0.0063500000 0.0031750000 3.5342917353
primID: 3
startangle_c: 9
endpose_c: -5 -4 10
additionalactioncostmult: 10
intermediateposes: 20
0.0000000000 0.0000000000 3.5342917353
-0.0009000629 -0.0005469493 3.5486449824
-0.0017940633 -0.0011079606 3.5629982295
-0.0026817999 -0.0016829455 3.5773514765
-0.0035630727 -0.0022718126 3.5917047236
-0.0044376833 -0.0028744677 3.6060579707
-0.0053054344 -0.0034908139 3.6204112178
-0.0061661302 -0.0041207511 3.6347644649
-0.0070195764 -0.0047641768 3.6491177120
-0.0078655801 -0.0054209855 3.6634709591
-0.0087039500 -0.0060910691 3.6778242061
-0.0095344964 -0.0067743165 3.6921774532
-0.0103570310 -0.0074706142 3.7065307003
-0.0111713676 -0.0081798458 3.7208839474
-0.0119773211 -0.0089018923 3.7352371945
-0.0127747087 -0.0096366320 3.7495904416
-0.0135633489 -0.0103839408 3.7639436887
-0.0143430624 -0.0111436917 3.7782969358
-0.0151136713 -0.0119157555 3.7926501828
-0.0158750000 -0.0127000000 3.8070034299
primID: 4
startangle_c: 9
endpose_c: -7 -2 8
additionalactioncostmult: 10
intermediateposes: 20
0.0000000000 0.0000000000 3.5342917353
-0.0011334751 -0.0004695007 3.5342917353
-0.0022669502 -0.0009390015 3.5342917353
-0.0034004252 -0.0014085022 3.5342917353
-0.0045339003 -0.0018780030 3.5342917353
-0.0056673754 -0.0023475037 3.5342917353
-0.0068008505 -0.0028170045 3.5342917353
-0.0079343255 -0.0032865052 3.5342917353
-0.0090678751 -0.0037558256 3.5309361835
-0.0102109230 -0.0042013378 3.4955413171
-0.0113690205 -0.0046061214 3.4601464508
-0.0125407169 -0.0049696692 3.4247515844
-0.0137245445 -0.0052915260 3.3893567181
-0.0149190203 -0.0055712886 3.3539618517
-0.0161226481 -0.0058086064 3.3185669854
-0.0173339200 -0.0060031822 3.2831721190
-0.0185513189 -0.0061547724 3.2477772527
-0.0197733197 -0.0062631868 3.2123823863
-0.0209983916 -0.0063282899 3.1769875199
-0.0222250000 -0.0063500000 3.1415926536
primID: 5
startangle_c: 9
endpose_c: 0 0 10
additionalactioncostmult: 2
intermediateposes: 20
0.0000000000 0.0000000000 3.5342917353
0.0000000000 0.0000000000 3.5549601080
0.0000000000 0.0000000000 3.5756284807
0.0000000000 0.0000000000 3.5962968535
0.0000000000 0.0000000000 3.6169652262
0.0000000000 0.0000000000 3.6376335989
0.0000000000 0.0000000000 3.6583019716
0.0000000000 0.0000000000 3.6789703443
0.0000000000 0.0000000000 3.6996387171
0.0000000000 0.0000000000 3.7203070898
0.0000000000 0.0000000000 3.7409754625
0.0000000000 0.0000000000 3.7616438352
0.0000000000 0.0000000000 3.7823122079
0.0000000000 0.0000000000 3.8029805807
0.0000000000 0.0000000000 3.8236489534
0.0000000000 0.0000000000 3.8443173261
0.0000000000 0.0000000000 3.8649856988
0.0000000000 0.0000000000 3.8856540715
0.0000000000 0.0000000000 3.9063224443
0.0000000000 0.0000000000 3.9269908170
primID: 6
startangle_c: 9
endpose_c: 0 0 8
additionalactioncostmult: 2
intermediateposes: 20
0.0000000000 0.0000000000 3.5342917353
0.0000000000 0.0000000000 3.5136233626
0.0000000000 0.0000000000 3.4929549898
0.0000000000 0.0000000000 3.4722866171
0.0000000000 0.0000000000 3.4516182444
0.0000000000 0.0000000000 3.4309498717
0.0000000000 0.0000000000 3.4102814990
0.0000000000 0.0000000000 3.3896131262
0.0000000000 0.0000000000 3.3689447535
0.0000000000 0.0000000000 3.3482763808
0.0000000000 0.0000000000 3.3276080081
0.0000000000 0.0000000000 3.3069396354
0.0000000000 0.0000000000 3.2862712626
0.0000000000 0.0000000000 3.2656028899
0.0000000000 0.0000000000 3.2449345172
0.0000000000 0.0000000000 3.2242661445
0.0000000000 0.0000000000 3.2035977718
0.0000000000 0.0000000000 3.1829293990
0.0000000000 0.0000000000 3.1622610263
0.0000000000 0.0000000000 3.1415926536
primID: 0
startangle_c: 10
endpose_c: -1 -1 10
additionalactioncostmult: 1
intermediateposes: 20
0.0000000000 0.0000000000 3.9269908170
-0.0001671053 -0.0001671053 3.9269908170
-0.0003342105 -0.0003342105 3.9269908170
-0.0005013158 -0.0005013158 3.9269908170
-0.0006684211 -0.0006684211 3.9269908170
-0.0008355263 -0.0008355263 3.9269908170
-0.0010026316 -0.0010026316 3.9269908170
-0.0011697368 -0.0011697368 3.9269908170
-0.0013368421 -0.0013368421 3.9269908170
-0.0015039474 -0.0015039474 3.9269908170
-0.0016710526 -0.0016710526 3.9269908170
-0.0018381579 -0.0018381579 3.9269908170
-0.0020052632 -0.0020052632 3.9269908170
-0.0021723684 -0.0021723684 3.9269908170
-0.0023394737 -0.0023394737 3.9269908170
-0.0025065789 -0.0025065789 3.9269908170
-0.0026736842 -0.0026736842 3.9269908170
-0.0028407895 -0.0028407895 3.9269908170
-0.0030078947 -0.0030078947 3.9269908170
-0.0031750000 -0.0031750000 3.9269908170
primID: 1
startangle_c: 10
endpose_c: -6 -6 10
additionalactioncostmult: 1
intermediateposes: 20
0.0000000000 0.0000000000 3.9269908170
-0.0010026316 -0.0010026316 3.9269908170
-0.0020052632 -0.0020052632 3.9269908170
-0.0030078947 -0.0030078947 3.9269908170
-0.0040105263 -0.0040105263 3.9269908170
-0.0050131579 -0.0050131579 3.9269908170
-0.0060157895 -0.0060157895 3.9269908170
-0.0070184211 -0.0070184211 3.9269908170
-0.0080210526 -0.0080210526 3.9269908170
-0.0090236842 -0.0090236842 3.9269908170
-0.0100263158 -0.0100263158 3.9269908170
-0.0110289474 -0.0110289474 3.9269908170
-0.0120315789 -0.0120315789 3.9269908170
-0.0130342105 -0.0130342105 3.9269908170
-0.0140368421 -0.0140368421 3.9269908170
-0.0150394737 -0.0150394737 3.9269908170
-0.0160421053 -0.0160421053 3.9269908170
-0.0170447368 -0.0170447368 3.9269908170
-0.0180473684 -0.0180473684 3.9269908170
-0.0190500000 -0.0190500000 3.9269908170
primID: 2
startangle_c: 10
endpose_c: 1 1 10
additionalactioncostmult: 4
intermediateposes: 20
0.0000000000 0.0000000000 3.9269908170
0.0001671053 0.0001671053 3.9269908170
0.0003342105 0.0003342105 3.9269908170
0.0005013158 0.0005013158 3.9269908170
0.0006684211 0.0006684211 3.9269908170
0.0008355263 0.0008355263 3.9269908170
0.0010026316 0.0010026316 3.9269908170
0.0011697368 0.0011697368 3.9269908170
0.0013368421 0.0013368421 3.9269908170
0.0015039474 0.0015039474 3.9269908170
0.0016710526 0.0016710526 3.9269908170
0.0018381579 0.0018381579 3.9269908170
0.0020052632 0.0020052632 3.9269908170
0.0021723684 0.0021723684 3.9269908170
0.0023394737 0.0023394737 3.9269908170
0.0025065789 0.0025065789 3.9269908170
0.0026736842 0.0026736842 3.9269908170
0.0028407895 0.0028407895 3.9269908170
0.0030078947 0.0030078947 3.9269908170
0.0031750000 0.0031750000 3.9269908170
primID: 3
startangle_c: 10
endpose_c: -5 -7 11
additionalactioncostmult: 10
intermediateposes: 20
0.0000000000 0.0000000000 3.9269908170
-0.0010246187 -0.0010246187 3.9269908170
-0.0020492373 -0.0020492373 3.9269908170
-0.0030738560 -0.0030738560 3.9269908170
-0.0040861414 -0.0041106105 3.9512121716
-0.0050726583 -0.0051719142 3.9757773534
-0.0060328091 -0.0062571292 4.0003425352
-0.0069660144 -0.0073656007 4.0249077170
-0.0078717111 -0.0084966599 4.0494728988
-0.0087493527 -0.0096496241 4.0740380807
-0.0095984095 -0.0108237978 4.0986032625
-0.0104183693 -0.0120184723 4.1231684443
-0.0112087372 -0.0132329268 4.1477336261
-0.0119690364 -0.0144664285 4.1722988079
-0.0126988080 -0.0157182330 4.1968639897
-0.0133976118 -0.0169875851 4.2214291715
-0.0140650260 -0.0182737186 4.2459943533
-0.0147006478 -0.0195758577 4.2705595351
-0.0153040939 -0.0208932164 4.2951247169
-0.0158750000 -0.0222250000 4.3196898987
primID: 4
startangle_c: 10
endpose_c: -7 -5 9
additionalactioncostmult: 10
intermediateposes: 20
0.0000000000 0.0000000000 3.9269908170
-0.0010246187 -0.0010246187 3.9269908170
-0.0020492373 -0.0020492373 3.9269908170
-0.0030738560 -0.0030738560 3.9269908170
-0.0041106105 -0.0040861414 3.9027694623
-0.0051719142 -0.0050726583 3.8782042805
-0.0062571292 -0.0060328091 3.8536390987
-0.0073656007 -0.0069660144 3.8290739169
-0.0084966599 -0.0078717111 3.8045087351
-0.0096496241 -0.0087493527 3.7799435533
-0.0108237978 -0.0095984095 3.7553783715
-0.0120184723 -0.0104183693 3.7308131897
-0.0132329268 -0.0112087372 3.7062480079
-0.0144664285 -0.0119690364 3.6816828261
-0.0157182330 -0.0126988080 3.6571176443
-0.0169875851 -0.0133976118 3.6325524625
-0.0182737186 -0.0140650260 3.6079872807
-0.0195758577 -0.0147006478 3.5834220989
-0.0208932164 -0.0153040939 3.5588569171
-0.0222250000 -0.0158750000 3.5342917353
primID: 5
startangle_c: 10
endpose_c: 0 0 11
additionalactioncostmult: 2
intermediateposes: 20
0.0000000000 0.0000000000 3.9269908170
0.0000000000 0.0000000000 3.9476591897
0.0000000000 0.0000000000 3.9683275624
0.0000000000 0.0000000000 3.9889959352
0.0000000000 0.0000000000 4.0096643079
0.0000000000 0.0000000000 4.0303326806
0.0000000000 0.0000000000 4.0510010533
0.0000000000 0.0000000000 4.0716694260
0.0000000000 0.0000000000 4.0923377988
0.0000000000 0.0000000000 4.1130061715
0.0000000000 0.0000000000 4.1336745442
0.0000000000 0.0000000000 4.1543429169
0.0000000000 0.0000000000 4.1750112896
0.0000000000 0.0000000000 4.1956796624
0.0000000000 0.0000000000 4.2163480351
0.0000000000 0.0000000000 4.2370164078
0.0000000000 0.0000000000 4.2576847805
0.0000000000 0.0000000000 4.2783531532
0.0000000000 0.0000000000 4.2990215260
0.0000000000 0.0000000000 4.3196898987
primID: 6
startangle_c: 10
endpose_c: 0 0 9
additionalactioncostmult: 2
intermediateposes: 20
0.0000000000 0.0000000000 3.9269908170
0.0000000000 0.0000000000 3.9063224443
0.0000000000 0.0000000000 3.8856540715
0.0000000000 0.0000000000 3.8649856988
0.0000000000 0.0000000000 3.8443173261
0.0000000000 0.0000000000 3.8236489534
0.0000000000 0.0000000000 3.8029805807
0.0000000000 0.0000000000 3.7823122079
0.0000000000 0.0000000000 3.7616438352
0.0000000000 0.0000000000 3.7409754625
0.0000000000 0.0000000000 3.7203070898
0.0000000000 0.0000000000 3.6996387171
0.0000000000 0.0000000000 3.6789703443
0.0000000000 0.0000000000 3.6583019716
0.0000000000 0.0000000000 3.6376335989
0.0000000000 0.0000000000 3.6169652262
0.0000000000 0.0000000000 3.5962968535
0.0000000000 0.0000000000 3.5756284807
0.0000000000 0.0000000000 3.5549601080
0.0000000000 0.0000000000 3.5342917353
primID: 0
startangle_c: 11
endpose_c: -1 -2 11
additionalactioncostmult: 1
intermediateposes: 20
0.0000000000 0.0000000000 4.3196898987
-0.0001671053 -0.0003342105 4.3196898987
-0.0003342105 -0.0006684211 4.3196898987
-0.0005013158 -0.0010026316 4.3196898987
-0.0006684211 -0.0013368421 4.3196898987
-0.0008355263 -0.0016710526 4.3196898987
-0.0010026316 -0.0020052632 4.3196898987
-0.0011697368 -0.0023394737 4.3196898987
-0.0013368421 -0.0026736842 4.3196898987
-0.0015039474 -0.0030078947 4.3196898987
-0.0016710526 -0.0033421053 4.3196898987
-0.0018381579 -0.0036763158 4.3196898987
-0.0020052632 -0.0040105263 4.3196898987
-0.0021723684 -0.0043447368 4.3196898987
-0.0023394737 -0.0046789474 4.3196898987
-0.0025065789 -0.0050131579 4.3196898987
-0.0026736842 -0.0053473684 4.3196898987
-0.0028407895 -0.0056815789 4.3196898987
-0.0030078947 -0.0060157895 4.3196898987
-0.0031750000 -0.0063500000 4.3196898987
primID: 1
startangle_c: 11
endpose_c: -3 -6 11
additionalactioncostmult: 1
intermediateposes: 20
0.0000000000 0.0000000000 4.3196898987
-0.0005013158 -0.0010026316 4.3196898987
-0.0010026316 -0.0020052632 4.3196898987
-0.0015039474 -0.0030078947 4.3196898987
-0.0020052632 -0.0040105263 4.3196898987
-0.0025065789 -0.0050131579 4.3196898987
-0.0030078947 -0.0060157895 4.3196898987
-0.0035092105 -0.0070184211 4.3196898987
-0.0040105263 -0.0080210526 4.3196898987
-0.0045118421 -0.0090236842 4.3196898987
-0.0050131579 -0.0100263158 4.3196898987
-0.0055144737 -0.0110289474 4.3196898987
-0.0060157895 -0.0120315789 4.3196898987
-0.0065171053 -0.0130342105 4.3196898987
-0.0070184211 -0.0140368421 4.3196898987
-0.0075197368 -0.0150394737 4.3196898987
-0.0080210526 -0.0160421053 4.3196898987
-0.0085223684 -0.0170447368 4.3196898987
-0.0090236842 -0.0180473684 4.3196898987
-0.0095250000 -0.0190500000 4.3196898987
primID: 2
startangle_c: 11
endpose_c: 1 2 11
additionalactioncostmult: 4
intermediateposes: 20
0.0000000000 0.0000000000 4.3196898987
0.0001671053 0.0003342105 4.3196898987
0.0003342105 0.0006684211 4.3196898987
0.0005013158 0.0010026316 4.3196898987
0.0006684211 0.0013368421 4.3196898987
0.0008355263 0.0016710526 4.3196898987
0.0010026316 0.0020052632 4.3196898987
0.0011697368 0.0023394737 4.3196898987
0.0013368421 0.0026736842 4.3196898987
0.0015039474 0.0030078947 4.3196898987
0.0016710526 0.0033421053 4.3196898987
0.0018381579 0.0036763158 4.3196898987
0.0020052632 0.0040105263 4.3196898987
0.0021723684 0.0043447368 4.3196898987
0.0023394737 0.0046789474 4.3196898987
0.0025065789 0.0050131579 4.3196898987
0.0026736842 0.0053473684 4.3196898987
0.0028407895 0.0056815789 4.3196898987
0.0030078947 0.0060157895 4.3196898987
0.0031750000 0.0063500000 4.3196898987
primID: 3
startangle_c: 11
endpose_c: -4 -5 10
additionalactioncostmult: 10
intermediateposes: 20
0.0000000000 0.0000000000 4.3196898987
-0.0005469493 -0.0009000629 4.3053366516
-0.0011079606 -0.0017940633 4.2909834045
-0.0016829455 -0.0026817999 4.2766301574
-0.0022718126 -0.0035630727 4.2622769103
-0.0028744677 -0.0044376833 4.2479236633
-0.0034908139 -0.0053054344 4.2335704162
-0.0041207511 -0.0061661302 4.2192171691
-0.0047641768 -0.0070195764 4.2048639220
-0.0054209855 -0.0078655801 4.1905106749
-0.0060910691 -0.0087039500 4.1761574278
-0.0067743165 -0.0095344964 4.1618041807
-0.0074706142 -0.0103570310 4.1474509337
-0.0081798458 -0.0111713676 4.1330976866
-0.0089018923 -0.0119773211 4.1187444395
-0.0096366320 -0.0127747087 4.1043911924
-0.0103839408 -0.0135633489 4.0900379453
-0.0111436917 -0.0143430624 4.0756846982
-0.0119157555 -0.0151136713 4.0613314511
-0.0127000000 -0.0158750000 4.0469782041
primID: 4
startangle_c: 11
endpose_c: -2 -7 12
additionalactioncostmult: 10
intermediateposes: 20
0.0000000000 0.0000000000 4.3196898987
-0.0004695007 -0.0011334751 4.3196898987
-0.0009390015 -0.0022669502 4.3196898987
-0.0014085022 -0.0034004252 4.3196898987
-0.0018780030 -0.0045339003 4.3196898987
-0.0023475037 -0.0056673754 4.3196898987
-0.0028170045 -0.0068008505 4.3196898987
-0.0032865052 -0.0079343255 4.3196898987
-0.0037558256 -0.0090678751 4.3230454505
-0.0042013378 -0.0102109230 4.3584403168
-0.0046061214 -0.0113690205 4.3938351832
-0.0049696692 -0.0125407169 4.4292300495
-0.0052915260 -0.0137245445 4.4646249159
-0.0055712886 -0.0149190203 4.5000197823
-0.0058086064 -0.0161226481 4.5354146486
-0.0060031822 -0.0173339200 4.5708095150
-0.0061547724 -0.0185513189 4.6062043813
-0.0062631868 -0.0197733197 4.6415992477
-0.0063282899 -0.0209983916 4.6769941140
-0.0063500000 -0.0222250000 4.7123889804
primID: 5
startangle_c: 11
endpose_c: 0 0 10
additionalactioncostmult: 2
intermediateposes: 20
0.0000000000 0.0000000000 4.3196898987
0.0000000000 0.0000000000 4.2990215260
0.0000000000 0.0000000000 4.2783531532
0.0000000000 0.0000000000 4.2576847805
0.0000000000 0.0000000000 4.2370164078
0.0000000000 0.0000000000 4.2163480351
0.0000000000 0.0000000000 4.1956796624
0.0000000000 0.0000000000 4.1750112896
0.0000000000 0.0000000000 4.1543429169
0.0000000000 0.0000000000 4.1336745442
0.0000000000 0.0000000000 4.1130061715
0.0000000000 0.0000000000 4.0923377988
0.0000000000 0.0000000000 4.0716694260
0.0000000000 0.0000000000 4.0510010533
0.0000000000 0.0000000000 4.0303326806
0.0000000000 0.0000000000 4.0096643079
0.0000000000 0.0000000000 3.9889959352
0.0000000000 0.0000000000 3.9683275624
0.0000000000 0.0000000000 3.9476591897
0.0000000000 0.0000000000 3.9269908170
primID: 6
startangle_c: 11
endpose_c: 0 0 12
additionalactioncostmult: 2
intermediateposes: 20
0.0000000000 0.0000000000 4.3196898987
0.0000000000 0.0000000000 4.3403582714
0.0000000000 0.0000000000 4.3610266441
0.0000000000 0.0000000000 4.3816950168
0.0000000000 0.0000000000 4.4023633896
0.0000000000 0.0000000000 4.4230317623
0.0000000000 0.0000000000 4.4437001350
0.0000000000 0.0000000000 4.4643685077
0.0000000000 0.0000000000 4.4850368805
0.0000000000 0.0000000000 4.5057052532
0.0000000000 0.0000000000 4.5263736259
0.0000000000 0.0000000000 4.5470419986
0.0000000000 0.0000000000 4.5677103713
0.0000000000 0.0000000000 4.5883787441
0.0000000000 0.0000000000 4.6090471168
0.0000000000 0.0000000000 4.6297154895
0.0000000000 0.0000000000 4.6503838622
0.0000000000 0.0000000000 4.6710522349
0.0000000000 0.0000000000 4.6917206077
0.0000000000 0.0000000000 4.7123889804
primID: 0
startangle_c: 12
endpose_c: 0 -1 12
additionalactioncostmult: 1
intermediateposes: 20
0.0000000000 0.0000000000 4.7123889804
0.0000000000 -0.0001671053 4.7123889804
0.0000000000 -0.0003342105 4.7123889804
0.0000000000 -0.0005013158 4.7123889804
0.0000000000 -0.0006684211 4.7123889804
0.0000000000 -0.0008355263 4.7123889804
0.0000000000 -0.0010026316 4.7123889804
0.0000000000 -0.0011697368 4.7123889804
0.0000000000 -0.0013368421 4.7123889804
0.0000000000 -0.0015039474 4.7123889804
0.0000000000 -0.0016710526 4.7123889804
0.0000000000 -0.0018381579 4.7123889804
0.0000000000 -0.0020052632 4.7123889804
0.0000000000 -0.0021723684 4.7123889804
0.0000000000 -0.0023394737 4.7123889804
0.0000000000 -0.0025065789 4.7123889804
0.0000000000 -0.0026736842 4.7123889804
0.0000000000 -0.0028407895 4.7123889804
0.0000000000 -0.0030078947 4.7123889804
0.0000000000 -0.0031750000 4.7123889804
primID: 1
startangle_c: 12
endpose_c: 0 -8 12
additionalactioncostmult: 1
intermediateposes: 20
0.0000000000 0.0000000000 4.7123889804
0.0000000000 -0.0013368421 4.7123889804
0.0000000000 -0.0026736842 4.7123889804
0.0000000000 -0.0040105263 4.7123889804
0.0000000000 -0.0053473684 4.7123889804
0.0000000000 -0.0066842105 4.7123889804
0.0000000000 -0.0080210526 4.7123889804
0.0000000000 -0.0093578947 4.7123889804
0.0000000000 -0.0106947368 4.7123889804
0.0000000000 -0.0120315789 4.7123889804
0.0000000000 -0.0133684211 4.7123889804
0.0000000000 -0.0147052632 4.7123889804
0.0000000000 -0.0160421053 4.7123889804
0.0000000000 -0.0173789474 4.7123889804
0.0000000000 -0.0187157895 4.7123889804
0.0000000000 -0.0200526316 4.7123889804
0.0000000000 -0.0213894737 4.7123889804
0.0000000000 -0.0227263158 4.7123889804
0.0000000000 -0.0240631579 4.7123889804
0.0000000000 -0.0254000000 4.7123889804
primID: 2
startangle_c: 12
endpose_c: 0 1 12
additionalactioncostmult: 4
intermediateposes: 20
0.0000000000 0.0000000000 4.7123889804
0.0000000000 0.0001671053 4.7123889804
0.0000000000 0.0003342105 4.7123889804
0.0000000000 0.0005013158 4.7123889804
0.0000000000 0.0006684211 4.7123889804
0.0000000000 0.0008355263 4.7123889804
0.0000000000 0.0010026316 4.7123889804
0.0000000000 0.0011697368 4.7123889804
0.0000000000 0.0013368421 4.7123889804
0.0000000000 0.0015039474 4.7123889804
0.0000000000 0.0016710526 4.7123889804
0.0000000000 0.0018381579 4.7123889804
0.0000000000 0.0020052632 4.7123889804
0.0000000000 0.0021723684 4.7123889804
0.0000000000 0.0023394737 4.7123889804
0.0000000000 0.0025065789 4.7123889804
0.0000000000 0.0026736842 4.7123889804
0.0000000000 0.0028407895 4.7123889804
0.0000000000 0.0030078947 4.7123889804
0.0000000000 0.0031750000 4.7123889804
primID: 3
startangle_c: 12
endpose_c: 1 -8 13
additionalactioncostmult: 10
intermediateposes: 20
0.0000000000 0.0000000000 4.7123889804
-0.0000000000 -0.0013588292 4.7123889804
-0.0000000000 -0.0027176584 4.7123889804
-0.0000000000 -0.0040764876 4.7123889804
-0.0000000000 -0.0054353168 4.7123889804
-0.0000000000 -0.0067941460 4.7123889804
-0.0000000000 -0.0081529752 4.7123889804
0.0000000649 -0.0095118043 4.7141537110
0.0000245944 -0.0108703520 4.7467315736
0.0000933615 -0.0122273799 4.7793094362
0.0002062935 -0.0135814478 4.8118872988
0.0003632703 -0.0149311187 4.8444651613
0.0005641254 -0.0162749605 4.8770430239
0.0008086458 -0.0176115469 4.9096208865
0.0010965718 -0.0189394596 4.9421987491
0.0014275979 -0.0202572894 4.9747766117
0.0018013729 -0.0215636376 5.0073544743
0.0022175001 -0.0228571181 5.0399323369
0.0026755378 -0.0241363580 5.0725101995
0.0031750000 -0.0254000000 5.1050880621
primID: 4
startangle_c: 12
endpose_c: -1 -8 11
additionalactioncostmult: 10
intermediateposes: 20
0.0000000000 0.0000000000 4.7123889804
-0.0000000000 -0.0013588292 4.7123889804
-0.0000000000 -0.0027176584 4.7123889804
-0.0000000000 -0.0040764876 4.7123889804
-0.0000000000 -0.0054353168 4.7123889804
-0.0000000000 -0.0067941460 4.7123889804
-0.0000000000 -0.0081529752 4.7123889804
-0.0000000649 -0.0095118043 4.7106242498
-0.0000245944 -0.0108703520 4.6780463872
-0.0000933615 -0.0122273799 4.6454685246
-0.0002062935 -0.0135814478 4.6128906620
-0.0003632703 -0.0149311187 4.5803127994
-0.0005641254 -0.0162749605 4.5477349368
-0.0008086458 -0.0176115469 4.5151570742
-0.0010965718 -0.0189394596 4.4825792116
-0.0014275979 -0.0202572894 4.4500013491
-0.0018013729 -0.0215636376 4.4174234865
-0.0022175001 -0.0228571181 4.3848456239
-0.0026755378 -0.0241363580 4.3522677613
-0.0031750000 -0.0254000000 4.3196898987
primID: 5
startangle_c: 12
endpose_c: 0 0 13
additionalactioncostmult: 2
intermediateposes: 20
0.0000000000 0.0000000000 4.7123889804
0.0000000000 0.0000000000 4.7330573531
0.0000000000 0.0000000000 4.7537257258
0.0000000000 0.0000000000 4.7743940985
0.0000000000 0.0000000000 4.7950624713
0.0000000000 0.0000000000 4.8157308440
0.0000000000 0.0000000000 4.8363992167
0.0000000000 0.0000000000 4.8570675894
0.0000000000 0.0000000000 4.8777359622
0.0000000000 0.0000000000 4.8984043349
0.0000000000 0.0000000000 4.9190727076
0.0000000000 0.0000000000 4.9397410803
0.0000000000 0.0000000000 4.9604094530
0.0000000000 0.0000000000 4.9810778258
0.0000000000 0.0000000000 5.0017461985
0.0000000000 0.0000000000 5.0224145712
0.0000000000 0.0000000000 5.0430829439
0.0000000000 0.0000000000 5.0637513166
0.0000000000 0.0000000000 5.0844196894
0.0000000000 0.0000000000 5.1050880621
primID: 6
startangle_c: 12
endpose_c: 0 0 11
additionalactioncostmult: 2
intermediateposes: 20
0.0000000000 0.0000000000 4.7123889804
0.0000000000 0.0000000000 4.6917206077
0.0000000000 0.0000000000 4.6710522349
0.0000000000 0.0000000000 4.6503838622
0.0000000000 0.0000000000 4.6297154895
0.0000000000 0.0000000000 4.6090471168
0.0000000000 0.0000000000 4.5883787441
0.0000000000 0.0000000000 4.5677103713
0.0000000000 0.0000000000 4.5470419986
0.0000000000 0.0000000000 4.5263736259
0.0000000000 0.0000000000 4.5057052532
0.0000000000 0.0000000000 4.4850368805
0.0000000000 0.0000000000 4.4643685077
0.0000000000 0.0000000000 4.4437001350
0.0000000000 0.0000000000 4.4230317623
0.0000000000 0.0000000000 4.4023633896
0.0000000000 0.0000000000 4.3816950168
0.0000000000 0.0000000000 4.3610266441
0.0000000000 0.0000000000 4.3403582714
0.0000000000 0.0000000000 4.3196898987
primID: 0
startangle_c: 13
endpose_c: 1 -2 13
additionalactioncostmult: 1
intermediateposes: 20
0.0000000000 0.0000000000 5.1050880621
0.0001671053 -0.0003342105 5.1050880621
0.0003342105 -0.0006684211 5.1050880621
0.0005013158 -0.0010026316 5.1050880621
0.0006684211 -0.0013368421 5.1050880621
0.0008355263 -0.0016710526 5.1050880621
0.0010026316 -0.0020052632 5.1050880621
0.0011697368 -0.0023394737 5.1050880621
0.0013368421 -0.0026736842 5.1050880621
0.0015039474 -0.0030078947 5.1050880621
0.0016710526 -0.0033421053 5.1050880621
0.0018381579 -0.0036763158 5.1050880621
0.0020052632 -0.0040105263 5.1050880621
0.0021723684 -0.0043447368 5.1050880621
0.0023394737 -0.0046789474 5.1050880621
0.0025065789 -0.0050131579 5.1050880621
0.0026736842 -0.0053473684 5.1050880621
0.0028407895 -0.0056815789 5.1050880621
0.0030078947 -0.0060157895 5.1050880621
0.0031750000 -0.0063500000 5.1050880621
primID: 1
startangle_c: 13
endpose_c: 3 -6 13
additionalactioncostmult: 1
intermediateposes: 20
0.0000000000 0.0000000000 5.1050880621
0.0005013158 -0.0010026316 5.1050880621
0.0010026316 -0.0020052632 5.1050880621
0.0015039474 -0.0030078947 5.1050880621
0.0020052632 -0.0040105263 5.1050880621
0.0025065789 -0.0050131579 5.1050880621
0.0030078947 -0.0060157895 5.1050880621
0.0035092105 -0.0070184211 5.1050880621
0.0040105263 -0.0080210526 5.1050880621
0.0045118421 -0.0090236842 5.1050880621
0.0050131579 -0.0100263158 5.1050880621
0.0055144737 -0.0110289474 5.1050880621
0.0060157895 -0.0120315789 5.1050880621
0.0065171053 -0.0130342105 5.1050880621
0.0070184211 -0.0140368421 5.1050880621
0.0075197368 -0.0150394737 5.1050880621
0.0080210526 -0.0160421053 5.1050880621
0.0085223684 -0.0170447368 5.1050880621
0.0090236842 -0.0180473684 5.1050880621
0.0095250000 -0.0190500000 5.1050880621
primID: 2
startangle_c: 13
endpose_c: -1 2 13
additionalactioncostmult: 4
intermediateposes: 20
0.0000000000 0.0000000000 5.1050880621
-0.0001671053 0.0003342105 5.1050880621
-0.0003342105 0.0006684211 5.1050880621
-0.0005013158 0.0010026316 5.1050880621
-0.0006684211 0.0013368421 5.1050880621
-0.0008355263 0.0016710526 5.1050880621
-0.0010026316 0.0020052632 5.1050880621
-0.0011697368 0.0023394737 5.1050880621
-0.0013368421 0.0026736842 5.1050880621
-0.0015039474 0.0030078947 5.1050880621
-0.0016710526 0.0033421053 5.1050880621
-0.0018381579 0.0036763158 5.1050880621
-0.0020052632 0.0040105263 5.1050880621
-0.0021723684 0.0043447368 5.1050880621
-0.0023394737 0.0046789474 5.1050880621
-0.0025065789 0.0050131579 5.1050880621
-0.0026736842 0.0053473684 5.1050880621
-0.0028407895 0.0056815789 5.1050880621
-0.0030078947 0.0060157895 5.1050880621
-0.0031750000 0.0063500000 5.1050880621
primID: 3
startangle_c: 13
endpose_c: 4 -5 14
additionalactioncostmult: 10
intermediateposes: 20
0.0000000000 0.0000000000 5.1050880621
0.0005469493 -0.0009000629 5.1194413092
0.0011079606 -0.0017940633 5.1337945563
0.0016829455 -0.0026817999 5.1481478033
0.0022718126 -0.0035630727 5.1625010504
0.0028744677 -0.0044376833 5.1768542975
0.0034908139 -0.0053054344 5.1912075446
0.0041207511 -0.0061661302 5.2055607917
0.0047641768 -0.0070195764 5.2199140388
0.0054209855 -0.0078655801 5.2342672859
0.0060910691 -0.0087039500 5.2486205329
0.0067743165 -0.0095344964 5.2629737800
0.0074706142 -0.0103570310 5.2773270271
0.0081798458 -0.0111713676 5.2916802742
0.0089018923 -0.0119773211 5.3060335213
0.0096366320 -0.0127747087 5.3203867684
0.0103839408 -0.0135633489 5.3347400155
0.0111436917 -0.0143430624 5.3490932625
0.0119157555 -0.0151136713 5.3634465096
0.0127000000 -0.0158750000 5.3777997567
primID: 4
startangle_c: 13
endpose_c: 2 -7 12
additionalactioncostmult: 10
intermediateposes: 20
0.0000000000 0.0000000000 5.1050880621
0.0004695007 -0.0011334751 5.1050880621
0.0009390015 -0.0022669502 5.1050880621
0.0014085022 -0.0034004252 5.1050880621
0.0018780030 -0.0045339003 5.1050880621
0.0023475037 -0.0056673754 5.1050880621
0.0028170045 -0.0068008505 5.1050880621
0.0032865052 -0.0079343255 5.1050880621
0.0037558256 -0.0090678751 5.1017325103
0.0042013378 -0.0102109230 5.0663376439
0.0046061214 -0.0113690205 5.0309427776
0.0049696692 -0.0125407169 4.9955479112
0.0052915260 -0.0137245445 4.9601530449
0.0055712886 -0.0149190203 4.9247581785
0.0058086064 -0.0161226481 4.8893633122
0.0060031822 -0.0173339200 4.8539684458
0.0061547724 -0.0185513189 4.8185735794
0.0062631868 -0.0197733197 4.7831787131
0.0063282899 -0.0209983916 4.7477838467
0.0063500000 -0.0222250000 4.7123889804
primID: 5
startangle_c: 13
endpose_c: 0 0 14
additionalactioncostmult: 2
intermediateposes: 20
0.0000000000 0.0000000000 5.1050880621
0.0000000000 0.0000000000 5.1257564348
0.0000000000 0.0000000000 5.1464248075
0.0000000000 0.0000000000 5.1670931802
0.0000000000 0.0000000000 5.1877615530
0.0000000000 0.0000000000 5.2084299257
0.0000000000 0.0000000000 5.2290982984
0.0000000000 0.0000000000 5.2497666711
0.0000000000 0.0000000000 5.2704350439
0.0000000000 0.0000000000 5.2911034166
0.0000000000 0.0000000000 5.3117717893
0.0000000000 0.0000000000 5.3324401620
0.0000000000 0.0000000000 5.3531085347
0.0000000000 0.0000000000 5.3737769075
0.0000000000 0.0000000000 5.3944452802
0.0000000000 0.0000000000 5.4151136529
0.0000000000 0.0000000000 5.4357820256
0.0000000000 0.0000000000 5.4564503983
0.0000000000 0.0000000000 5.4771187711
0.0000000000 0.0000000000 5.4977871438
primID: 6
startangle_c: 13
endpose_c: 0 0 12
additionalactioncostmult: 2
intermediateposes: 20
0.0000000000 0.0000000000 5.1050880621
0.0000000000 0.0000000000 5.0844196894
0.0000000000 0.0000000000 5.0637513166
0.0000000000 0.0000000000 5.0430829439
0.0000000000 0.0000000000 5.0224145712
0.0000000000 0.0000000000 5.0017461985
0.0000000000 0.0000000000 4.9810778258
0.0000000000 0.0000000000 4.9604094530
0.0000000000 0.0000000000 4.9397410803
0.0000000000 0.0000000000 4.9190727076
0.0000000000 0.0000000000 4.8984043349
0.0000000000 0.0000000000 4.8777359622
0.0000000000 0.0000000000 4.8570675894
0.0000000000 0.0000000000 4.8363992167
0.0000000000 0.0000000000 4.8157308440
0.0000000000 0.0000000000 4.7950624713
0.0000000000 0.0000000000 4.7743940985
0.0000000000 0.0000000000 4.7537257258
0.0000000000 0.0000000000 4.7330573531
0.0000000000 0.0000000000 4.7123889804
primID: 0
startangle_c: 14
endpose_c: 1 -1 14
additionalactioncostmult: 1
intermediateposes: 20
0.0000000000 0.0000000000 5.4977871438
0.0001671053 -0.0001671053 5.4977871438
0.0003342105 -0.0003342105 5.4977871438
0.0005013158 -0.0005013158 5.4977871438
0.0006684211 -0.0006684211 5.4977871438
0.0008355263 -0.0008355263 5.4977871438
0.0010026316 -0.0010026316 5.4977871438
0.0011697368 -0.0011697368 5.4977871438
0.0013368421 -0.0013368421 5.4977871438
0.0015039474 -0.0015039474 5.4977871438
0.0016710526 -0.0016710526 5.4977871438
0.0018381579 -0.0018381579 5.4977871438
0.0020052632 -0.0020052632 5.4977871438
0.0021723684 -0.0021723684 5.4977871438
0.0023394737 -0.0023394737 5.4977871438
0.0025065789 -0.0025065789 5.4977871438
0.0026736842 -0.0026736842 5.4977871438
0.0028407895 -0.0028407895 5.4977871438
0.0030078947 -0.0030078947 5.4977871438
0.0031750000 -0.0031750000 5.4977871438
primID: 1
startangle_c: 14
endpose_c: 6 -6 14
additionalactioncostmult: 1
intermediateposes: 20
0.0000000000 0.0000000000 5.4977871438
0.0010026316 -0.0010026316 5.4977871438
0.0020052632 -0.0020052632 5.4977871438
0.0030078947 -0.0030078947 5.4977871438
0.0040105263 -0.0040105263 5.4977871438
0.0050131579 -0.0050131579 5.4977871438
0.0060157895 -0.0060157895 5.4977871438
0.0070184211 -0.0070184211 5.4977871438
0.0080210526 -0.0080210526 5.4977871438
0.0090236842 -0.0090236842 5.4977871438
0.0100263158 -0.0100263158 5.4977871438
0.0110289474 -0.0110289474 5.4977871438
0.0120315789 -0.0120315789 5.4977871438
0.0130342105 -0.0130342105 5.4977871438
0.0140368421 -0.0140368421 5.4977871438
0.0150394737 -0.0150394737 5.4977871438
0.0160421053 -0.0160421053 5.4977871438
0.0170447368 -0.0170447368 5.4977871438
0.0180473684 -0.0180473684 5.4977871438
0.0190500000 -0.0190500000 5.4977871438
primID: 2
startangle_c: 14
endpose_c: -1 1 14
additionalactioncostmult: 4
intermediateposes: 20
0.0000000000 0.0000000000 5.4977871438
-0.0001671053 0.0001671053 5.4977871438
-0.0003342105 0.0003342105 5.4977871438
-0.0005013158 0.0005013158 5.4977871438
-0.0006684211 0.0006684211 5.4977871438
-0.0008355263 0.0008355263 5.4977871438
-0.0010026316 0.0010026316 5.4977871438
-0.0011697368 0.0011697368 5.4977871438
-0.0013368421 0.0013368421 5.4977871438
-0.0015039474 0.0015039474 5.4977871438
-0.0016710526 0.0016710526 5.4977871438
-0.0018381579 0.0018381579 5.4977871438
-0.0020052632 0.0020052632 5.4977871438
-0.0021723684 0.0021723684 5.4977871438
-0.0023394737 0.0023394737 5.4977871438
-0.0025065789 0.0025065789 5.4977871438
-0.0026736842 0.0026736842 5.4977871438
-0.0028407895 0.0028407895 5.4977871438
-0.0030078947 0.0030078947 5.4977871438
-0.0031750000 0.0031750000 5.4977871438
primID: 3
startangle_c: 14
endpose_c: 7 -5 15
additionalactioncostmult: 10
intermediateposes: 20
0.0000000000 0.0000000000 5.4977871438
0.0010246187 -0.0010246187 5.4977871438
0.0020492373 -0.0020492373 5.4977871438
0.0030738560 -0.0030738560 5.4977871438
0.0041106105 -0.0040861414 5.5220084984
0.0051719142 -0.0050726583 5.5465736802
0.0062571292 -0.0060328091 5.5711388620
0.0073656007 -0.0069660144 5.5957040438
0.0084966599 -0.0078717111 5.6202692256
0.0096496241 -0.0087493527 5.6448344074
0.0108237978 -0.0095984095 5.6693995892
0.0120184723 -0.0104183693 5.6939647711
0.0132329268 -0.0112087372 5.7185299529
0.0144664285 -0.0119690364 5.7430951347
0.0157182330 -0.0126988080 5.7676603165
0.0169875851 -0.0133976118 5.7922254983
0.0182737186 -0.0140650260 5.8167906801
0.0195758577 -0.0147006478 5.8413558619
0.0208932164 -0.0153040939 5.8659210437
0.0222250000 -0.0158750000 5.8904862255
primID: 4
startangle_c: 14
endpose_c: 5 -7 13
additionalactioncostmult: 10
intermediateposes: 20
0.0000000000 0.0000000000 5.4977871438
0.0010246187 -0.0010246187 5.4977871438
0.0020492373 -0.0020492373 5.4977871438
0.0030738560 -0.0030738560 5.4977871438
0.0040861414 -0.0041106105 5.4735657891
0.0050726583 -0.0051719142 5.4490006073
0.0060328091 -0.0062571292 5.4244354255
0.0069660144 -0.0073656007 5.3998702437
0.0078717111 -0.0084966599 5.3753050619
0.0087493527 -0.0096496241 5.3507398801
0.0095984095 -0.0108237978 5.3261746983
0.0104183693 -0.0120184723 5.3016095165
0.0112087372 -0.0132329268 5.2770443347
0.0119690364 -0.0144664285 5.2524791529
0.0126988080 -0.0157182330 5.2279139711
0.0133976118 -0.0169875851 5.2033487893
0.0140650260 -0.0182737186 5.1787836075
0.0147006478 -0.0195758577 5.1542184257
0.0153040939 -0.0208932164 5.1296532439
0.0158750000 -0.0222250000 5.1050880621
primID: 5
startangle_c: 14
endpose_c: 0 0 15
additionalactioncostmult: 2
intermediateposes: 20
0.0000000000 0.0000000000 5.4977871438
0.0000000000 0.0000000000 5.5184555165
0.0000000000 0.0000000000 5.5391238892
0.0000000000 0.0000000000 5.5597922619
0.0000000000 0.0000000000 5.5804606347
0.0000000000 0.0000000000 5.6011290074
0.0000000000 0.0000000000 5.6217973801
0.0000000000 0.0000000000 5.6424657528
0.0000000000 0.0000000000 5.6631341256
0.0000000000 0.0000000000 5.6838024983
0.0000000000 0.0000000000 5.7044708710
0.0000000000 0.0000000000 5.7251392437
0.0000000000 0.0000000000 5.7458076164
0.0000000000 0.0000000000 5.7664759892
0.0000000000 0.0000000000 5.7871443619
0.0000000000 0.0000000000 5.8078127346
0.0000000000 0.0000000000 5.8284811073
0.0000000000 0.0000000000 5.8491494800
0.0000000000 0.0000000000 5.8698178528
0.0000000000 0.0000000000 5.8904862255
primID: 6
startangle_c: 14
endpose_c: 0 0 13
additionalactioncostmult: 2
intermediateposes: 20
0.0000000000 0.0000000000 5.4977871438
0.0000000000 0.0000000000 5.4771187711
0.0000000000 0.0000000000 5.4564503983
0.0000000000 0.0000000000 5.4357820256
0.0000000000 0.0000000000 5.4151136529
0.0000000000 0.0000000000 5.3944452802
0.0000000000 0.0000000000 5.3737769075
0.0000000000 0.0000000000 5.3531085347
0.0000000000 0.0000000000 5.3324401620
0.0000000000 0.0000000000 5.3117717893
0.0000000000 0.0000000000 5.2911034166
0.0000000000 0.0000000000 5.2704350439
0.0000000000 0.0000000000 5.2497666711
0.0000000000 0.0000000000 5.2290982984
0.0000000000 0.0000000000 5.2084299257
0.0000000000 0.0000000000 5.1877615530
0.0000000000 0.0000000000 5.1670931802
0.0000000000 0.0000000000 5.1464248075
0.0000000000 0.0000000000 5.1257564348
0.0000000000 0.0000000000 5.1050880621
primID: 0
startangle_c: 15
endpose_c: 2 -1 15
additionalactioncostmult: 1
intermediateposes: 20
0.0000000000 0.0000000000 5.8904862255
0.0003342105 -0.0001671053 5.8904862255
0.0006684211 -0.0003342105 5.8904862255
0.0010026316 -0.0005013158 5.8904862255
0.0013368421 -0.0006684211 5.8904862255
0.0016710526 -0.0008355263 5.8904862255
0.0020052632 -0.0010026316 5.8904862255
0.0023394737 -0.0011697368 5.8904862255
0.0026736842 -0.0013368421 5.8904862255
0.0030078947 -0.0015039474 5.8904862255
0.0033421053 -0.0016710526 5.8904862255
0.0036763158 -0.0018381579 5.8904862255
0.0040105263 -0.0020052632 5.8904862255
0.0043447368 -0.0021723684 5.8904862255
0.0046789474 -0.0023394737 5.8904862255
0.0050131579 -0.0025065789 5.8904862255
0.0053473684 -0.0026736842 5.8904862255
0.0056815789 -0.0028407895 5.8904862255
0.0060157895 -0.0030078947 5.8904862255
0.0063500000 -0.0031750000 5.8904862255
primID: 1
startangle_c: 15
endpose_c: 6 -3 15
additionalactioncostmult: 1
intermediateposes: 20
0.0000000000 0.0000000000 5.8904862255
0.0010026316 -0.0005013158 5.8904862255
0.0020052632 -0.0010026316 5.8904862255
0.0030078947 -0.0015039474 5.8904862255
0.0040105263 -0.0020052632 5.8904862255
0.0050131579 -0.0025065789 5.8904862255
0.0060157895 -0.0030078947 5.8904862255
0.0070184211 -0.0035092105 5.8904862255
0.0080210526 -0.0040105263 5.8904862255
0.0090236842 -0.0045118421 5.8904862255
0.0100263158 -0.0050131579 5.8904862255
0.0110289474 -0.0055144737 5.8904862255
0.0120315789 -0.0060157895 5.8904862255
0.0130342105 -0.0065171053 5.8904862255
0.0140368421 -0.0070184211 5.8904862255
0.0150394737 -0.0075197368 5.8904862255
0.0160421053 -0.0080210526 5.8904862255
0.0170447368 -0.0085223684 5.8904862255
0.0180473684 -0.0090236842 5.8904862255
0.0190500000 -0.0095250000 5.8904862255
primID: 2
startangle_c: 15
endpose_c: -2 1 15
additionalactioncostmult: 4
intermediateposes: 20
0.0000000000 0.0000000000 5.8904862255
-0.0003342105 0.0001671053 5.8904862255
-0.0006684211 0.0003342105 5.8904862255
-0.0010026316 0.0005013158 5.8904862255
-0.0013368421 0.0006684211 5.8904862255
-0.0016710526 0.0008355263 5.8904862255
-0.0020052632 0.0010026316 5.8904862255
-0.0023394737 0.0011697368 5.8904862255
-0.0026736842 0.0013368421 5.8904862255
-0.0030078947 0.0015039474 5.8904862255
-0.0033421053 0.0016710526 5.8904862255
-0.0036763158 0.0018381579 5.8904862255
-0.0040105263 0.0020052632 5.8904862255
-0.0043447368 0.0021723684 5.8904862255
-0.0046789474 0.0023394737 5.8904862255
-0.0050131579 0.0025065789 5.8904862255
-0.0053473684 0.0026736842 5.8904862255
-0.0056815789 0.0028407895 5.8904862255
-0.0060157895 0.0030078947 5.8904862255
-0.0063500000 0.0031750000 5.8904862255
primID: 3
startangle_c: 15
endpose_c: 5 -4 14
additionalactioncostmult: 10
intermediateposes: 20
0.0000000000 0.0000000000 5.8904862255
0.0009000629 -0.0005469493 5.8761329784
0.0017940633 -0.0011079606 5.8617797313
0.0026817999 -0.0016829455 5.8474264842
0.0035630727 -0.0022718126 5.8330732371
0.0044376833 -0.0028744677 5.8187199901
0.0053054344 -0.0034908139 5.8043667430
0.0061661302 -0.0041207511 5.7900134959
0.0070195764 -0.0047641768 5.7756602488
0.0078655801 -0.0054209855 5.7613070017
0.0087039500 -0.0060910691 5.7469537546
0.0095344964 -0.0067743165 5.7326005075
0.0103570310 -0.0074706142 5.7182472604
0.0111713676 -0.0081798458 5.7038940134
0.0119773211 -0.0089018923 5.6895407663
0.0127747087 -0.0096366320 5.6751875192
0.0135633489 -0.0103839408 5.6608342721
0.0143430624 -0.0111436917 5.6464810250
0.0151136713 -0.0119157555 5.6321277779
0.0158750000 -0.0127000000 5.6177745308
primID: 4
startangle_c: 15
endpose_c: 7 -2 0
additionalactioncostmult: 10
intermediateposes: 20
0.0000000000 0.0000000000 5.8904862255
0.0011334751 -0.0004695007 5.8904862255
0.0022669502 -0.0009390015 5.8904862255
0.0034004252 -0.0014085022 5.8904862255
0.0045339003 -0.0018780030 5.8904862255
0.0056673754 -0.0023475037 5.8904862255
0.0068008505 -0.0028170045 5.8904862255
0.0079343255 -0.0032865052 5.8904862255
0.0090678751 -0.0037558256 5.8938417773
0.0102109230 -0.0042013378 5.9292366436
0.0113690205 -0.0046061214 5.9646315100
0.0125407169 -0.0049696692 6.0000263763
0.0137245445 -0.0052915260 6.0354212427
0.0149190203 -0.0055712886 6.0708161090
0.0161226481 -0.0058086064 6.1062109754
0.0173339200 -0.0060031822 6.1416058418
0.0185513189 -0.0061547724 6.1770007081
0.0197733197 -0.0062631868 6.2123955745
0.0209983916 -0.0063282899 6.2477904408
0.0222250000 -0.0063500000 6.2831853072
primID: 5
startangle_c: 15
endpose_c: 0 0 14
additionalactioncostmult: 2
intermediateposes: 20
0.0000000000 0.0000000000 5.8904862255
0.0000000000 0.0000000000 5.8698178528
0.0000000000 0.0000000000 5.8491494800
0.0000000000 0.0000000000 5.8284811073
0.0000000000 0.0000000000 5.8078127346
0.0000000000 0.0000000000 5.7871443619
0.0000000000 0.0000000000 5.7664759892
0.0000000000 0.0000000000 5.7458076164
0.0000000000 0.0000000000 5.7251392437
0.0000000000 0.0000000000 5.7044708710
0.0000000000 0.0000000000 5.6838024983
0.0000000000 0.0000000000 5.6631341256
0.0000000000 0.0000000000 5.6424657528
0.0000000000 0.0000000000 5.6217973801
0.0000000000 0.0000000000 5.6011290074
0.0000000000 0.0000000000 5.5804606347
0.0000000000 0.0000000000 5.5597922619
0.0000000000 0.0000000000 5.5391238892
0.0000000000 0.0000000000 5.5184555165
0.0000000000 0.0000000000 5.4977871438
primID: 6
startangle_c: 15
endpose_c: 0 0 0
additionalactioncostmult: 2
intermediateposes: 20
0.0000000000 0.0000000000 5.8904862255
0.0000000000 0.0000000000 5.5804606347
0.0000000000 0.0000000000 5.2704350439
0.0000000000 0.0000000000 4.9604094530
0.0000000000 0.0000000000 4.6503838622
0.0000000000 0.0000000000 4.3403582714
0.0000000000 0.0000000000 4.0303326806
0.0000000000 0.0000000000 3.7203070898
0.0000000000 0.0000000000 3.4102814990
0.0000000000 0.0000000000 3.1002559081
0.0000000000 0.0000000000 2.7902303173
0.0000000000 0.0000000000 2.4802047265
0.0000000000 0.0000000000 2.1701791357
0.0000000000 0.0000000000 1.8601535449
0.0000000000 0.0000000000 1.5501279541
0.0000000000 0.0000000000 1.2401023633
0.0000000000 0.0000000000 0.9300767724
0.0000000000 0.0000000000 0.6200511816
0.0000000000 0.0000000000 0.3100255908
0.0000000000 0.0000000000 0.0000000000
