resolution_m: 0.0031750000
numberofangles: 16
totalnumberofprimitives: 112
primID: 0
startangle_c: 0
endpose_c: 1 0 0
additionalactioncostmult: 1
intermediateposes: 5
0.0000000000 0.0000000000 0.0000000000
0.0007937500 0.0000000000 0.0000000000
0.0015875000 0.0000000000 0.0000000000
0.0023812500 0.0000000000 0.0000000000
0.0031750000 0.0000000000 0.0000000000
primID: 1
startangle_c: 0
endpose_c: 8 0 0
additionalactioncostmult: 1
intermediateposes: 5
0.0000000000 0.0000000000 0.0000000000
0.0063500000 0.0000000000 0.0000000000
0.0127000000 0.0000000000 0.0000000000
0.0190500000 0.0000000000 0.0000000000
0.0254000000 0.0000000000 0.0000000000
primID: 2
startangle_c: 0
endpose_c: -1 0 0
additionalactioncostmult: 4
intermediateposes: 5
0.0000000000 0.0000000000 0.0000000000
-0.0007937500 0.0000000000 0.0000000000
-0.0015875000 0.0000000000 0.0000000000
-0.0023812500 0.0000000000 0.0000000000
-0.0031750000 0.0000000000 0.0000000000
primID: 3
startangle_c: 0
endpose_c: 8 1 1
additionalactioncostmult: 10
intermediateposes: 5
0.0000000000 0.0000000000 0.0000000000
0.0064544387 -0.0000000000 0.0000000000
0.0129048737 0.0001443133 0.0832093871
0.0192699172 0.0011753006 0.2379542344
0.0254000000 0.0031750000 0.3926990817
primID: 4
startangle_c: 0
endpose_c: 8 -1 -1
additionalactioncostmult: 10
intermediateposes: 5
0.0000000000 0.0000000000 0.0000000000
0.0064544387 0.0000000000 0.0000000000
0.0129048737 -0.0001443133 -0.0832093871
0.0192699172 -0.0011753006 -0.2379542344
0.0254000000 -0.0031750000 -0.3926990817
primID: 5
startangle_c: 0
endpose_c: 0 0 1
additionalactioncostmult: 2
intermediateposes: 5
0.0000000000 0.0000000000 0.0000000000
0.0000000000 0.0000000000 0.0981747704
0.0000000000 0.0000000000 0.1963495408
0.0000000000 0.0000000000 0.2945243113
0.0000000000 0.0000000000 0.3926990817
primID: 6
startangle_c: 0
endpose_c: 0 0 -1
additionalactioncostmult: 2
intermediateposes: 5
0.0000000000 0.0000000000 0.0000000000
0.0000000000 0.0000000000 -0.0981747704
0.0000000000 0.0000000000 -0.1963495408
0.0000000000 0.0000000000 -0.2945243113
0.0000000000 0.0000000000 -0.3926990817
primID: 0
startangle_c: 1
endpose_c: 2 1 1
additionalactioncostmult: 1
intermediateposes: 5
0.0000000000 0.0000000000 0.3926990817
0.0015875000 0.0007937500 0.3926990817
0.0031750000 0.0015875000 0.3926990817
0.0047625000 0.0023812500 0.3926990817
0.0063500000 0.0031750000 0.3926990817
primID: 1
startangle_c: 1
endpose_c: 6 3 1
additionalactioncostmult: 1
intermediateposes: 5
0.0000000000 0.0000000000 0.3926990817
0.0047625000 0.0023812500 0.3926990817
0.0095250000 0.0047625000 0.3926990817
0.0142875000 0.0071437500 0.3926990817
0.0190500000 0.0095250000 0.3926990817
primID: 2
startangle_c: 1
endpose_c: -2 -1 1
additionalactioncostmult: 4
intermediateposes: 5
0.0000000000 0.0000000000 0.3926990817
-0.0015875000 -0.0007937500 0.3926990817
-0.0031750000 -0.0015875000 0.3926990817
-0.0047625000 -0.0023812500 0.3926990817
-0.0063500000 -0.0031750000 0.3926990817
primID: 3
startangle_c: 1
endpose_c: 5 4 2
additionalactioncostmult: 10
intermediateposes: 5
0.0000000000 0.0000000000 0.3926990817
0.0042196661 0.0027225166 0.4608770054
0.0082857312 0.0057543748 0.5290549290
0.0121774782 0.0090843920 0.5972328527
0.0158750000 0.0127000000 0.6654107763
primID: 4
startangle_c: 1
endpose_c: 7 2 0
additionalactioncostmult: 10
intermediateposes: 5
0.0000000000 0.0000000000 0.3926990817
0.0053840066 0.0022301286 0.3926990817
0.0107881808 0.0044088535 0.3362512304
0.0164248085 0.0058612679 0.1681256152
0.0222250000 0.0063500000 0.0000000000
primID: 5
startangle_c: 1
endpose_c: 0 0 2
additionalactioncostmult: 2
intermediateposes: 5
0.0000000000 0.0000000000 0.3926990817
0.0000000000 0.0000000000 0.4908738521
0.0000000000 0.0000000000 0.5890486225
0.0000000000 0.0000000000 0.6872233930
0.0000000000 0.0000000000 0.7853981634
primID: 6
startangle_c: 1
endpose_c: 0 0 0
additionalactioncostmult: 2
intermediateposes: 5
0.0000000000 0.0000000000 0.3926990817
0.0000000000 0.0000000000 0.2945243113
0.0000000000 0.0000000000 0.1963495408
0.0000000000 0.0000000000 0.0981747704
0.0000000000 0.0000000000 0.0000000000
primID: 0
startangle_c: 2
endpose_c: 1 1 2
additionalactioncostmult: 1
intermediateposes: 5
0.0000000000 0.0000000000 0.7853981634
0.0007937500 0.0007937500 0.7853981634
0.0015875000 0.0015875000 0.7853981634
0.0023812500 0.0023812500 0.7853981634
0.0031750000 0.0031750000 0.7853981634
primID: 1
startangle_c: 2
endpose_c: 6 6 2
additionalactioncostmult: 1
intermediateposes: 5
0.0000000000 0.0000000000 0.7853981634
0.0047625000 0.0047625000 0.7853981634
0.0095250000 0.0095250000 0.7853981634
0.0142875000 0.0142875000 0.7853981634
0.0190500000 0.0190500000 0.7853981634
primID: 2
startangle_c: 2
endpose_c: -1 -1 2
additionalactioncostmult: 4
intermediateposes: 5
0.0000000000 0.0000000000 0.7853981634
-0.0007937500 -0.0007937500 0.7853981634
-0.0015875000 -0.0015875000 0.7853981634
-0.0023812500 -0.0023812500 0.7853981634
-0.0031750000 -0.0031750000 0.7853981634
primID: 3
startangle_c: 2
endpose_c: 5 7 3
additionalactioncostmult: 10
intermediateposes: 5
0.0000000000 0.0000000000 0.7853981634
0.0048284779 0.0049043213 0.8280434044
0.0091774866 0.0102341037 0.9447280180
0.0128764290 0.0160339557 1.0614126315
0.0158750000 0.0222250000 1.1780972451
primID: 4
startangle_c: 2
endpose_c: 7 5 1
additionalactioncostmult: 10
intermediateposes: 5
0.0000000000 0.0000000000 0.7853981634
0.0049043213 0.0048284779 0.7427529224
0.0102341037 0.0091774866 0.6260683088
0.0160339557 0.0128764290 0.5093836953
0.0222250000 0.0158750000 0.3926990817
primID: 5
startangle_c: 2
endpose_c: 0 0 3
additionalactioncostmult: 2
intermediateposes: 5
0.0000000000 0.0000000000 0.7853981634
0.0000000000 0.0000000000 0.8835729338
0.0000000000 0.0000000000 0.9817477042
0.0000000000 0.0000000000 1.0799224747
0.0000000000 0.0000000000 1.1780972451
primID: 6
startangle_c: 2
endpose_c: 0 0 1
additionalactioncostmult: 2
intermediateposes: 5
0.0000000000 0.0000000000 0.7853981634
0.0000000000 0.0000000000 0.6872233930
0.0000000000 0.0000000000 0.5890486225
0.0000000000 0.0000000000 0.4908738521
0.0000000000 0.0000000000 0.3926990817
primID: 0
startangle_c: 3
endpose_c: 1 2 3
additionalactioncostmult: 1
intermediateposes: 5
0.0000000000 0.0000000000 1.1780972451
0.0007937500 0.0015875000 1.1780972451
0.0015875000 0.0031750000 1.1780972451
0.0023812500 0.0047625000 1.1780972451
0.0031750000 0.0063500000 1.1780972451
primID: 1
startangle_c: 3
endpose_c: 3 6 3
additionalactioncostmult: 1
intermediateposes: 5
0.0000000000 0.0000000000 1.1780972451
0.0023812500 0.0047625000 1.1780972451
0.0047625000 0.0095250000 1.1780972451
0.0071437500 0.0142875000 1.1780972451
0.0095250000 0.0190500000 1.1780972451
primID: 2
startangle_c: 3
endpose_c: -1 -2 3
additionalactioncostmult: 4
intermediateposes: 5
0.0000000000 0.0000000000 1.1780972451
-0.0007937500 -0.0015875000 1.1780972451
-0.0015875000 -0.0031750000 1.1780972451
-0.0023812500 -0.0047625000 1.1780972451
-0.0031750000 -0.0063500000 1.1780972451
primID: 3
startangle_c: 3
endpose_c: 4 5 2
additionalactioncostmult: 10
intermediateposes: 5
0.0000000000 0.0000000000 1.1780972451
0.0027225166 0.0042196661 1.1099193214
0.0057543748 0.0082857312 1.0417413978
0.0090843920 0.0121774782 0.9735634741
0.0127000000 0.0158750000 0.9053855505
primID: 4
startangle_c: 3
endpose_c: 2 7 4
additionalactioncostmult: 10
intermediateposes: 5
0.0000000000 0.0000000000 1.1780972451
0.0022301286 0.0053840066 1.1780972451
0.0044088535 0.0107881808 1.2345450964
0.0058612679 0.0164248085 1.4026707116
0.0063500000 0.0222250000 1.5707963268
primID: 5
startangle_c: 3
endpose_c: 0 0 2
additionalactioncostmult: 2
intermediateposes: 5
0.0000000000 0.0000000000 1.1780972451
0.0000000000 0.0000000000 1.0799224747
0.0000000000 0.0000000000 0.9817477042
0.0000000000 0.0000000000 0.8835729338
0.0000000000 0.0000000000 0.7853981634
primID: 6
startangle_c: 3
endpose_c: 0 0 4
additionalactioncostmult: 2
intermediateposes: 5
0.0000000000 0.0000000000 1.1780972451
0.0000000000 0.0000000000 1.2762720155
0.0000000000 0.0000000000 1.3744467859
0.0000000000 0.0000000000 1.4726215564
0.0000000000 0.0000000000 1.5707963268
primID: 0
startangle_c: 4
endpose_c: 0 1 4
additionalactioncostmult: 1
intermediateposes: 5
0.0000000000 0.0000000000 1.5707963268
0.0000000000 0.0007937500 1.5707963268
0.0000000000 0.0015875000 1.5707963268
0.0000000000 0.0023812500 1.5707963268
0.0000000000 0.0031750000 1.5707963268
primID: 1
startangle_c: 4
endpose_c: 0 8 4
additionalactioncostmult: 1
intermediateposes: 5
0.0000000000 0.0000000000 1.5707963268
0.0000000000 0.0063500000 1.5707963268
0.0000000000 0.0127000000 1.5707963268
0.0000000000 0.0190500000 1.5707963268
0.0000000000 0.0254000000 1.5707963268
primID: 2
startangle_c: 4
endpose_c: 0 -1 4
additionalactioncostmult: 4
intermediateposes: 5
0.0000000000 0.0000000000 1.5707963268
0.0000000000 -0.0007937500 1.5707963268
0.0000000000 -0.0015875000 1.5707963268
0.0000000000 -0.0023812500 1.5707963268
0.0000000000 -0.0031750000 1.5707963268
primID: 3
startangle_c: 4
endpose_c: -1 8 5
additionalactioncostmult: 10
intermediateposes: 5
0.0000000000 0.0000000000 1.5707963268
0.0000000000 0.0064544387 1.5707963268
-0.0001443133 0.0129048737 1.6540057139
-0.0011753006 0.0192699172 1.8087505612
-0.0031750000 0.0254000000 1.9634954085
primID: 4
startangle_c: 4
endpose_c: 1 8 3
additionalactioncostmult: 10
intermediateposes: 5
0.0000000000 0.0000000000 1.5707963268
-0.0000000000 0.0064544387 1.5707963268
0.0001443133 0.0129048737 1.4875869397
0.0011753006 0.0192699172 1.3328420924
0.0031750000 0.0254000000 1.1780972451
primID: 5
startangle_c: 4
endpose_c: 0 0 5
additionalactioncostmult: 2
intermediateposes: 5
0.0000000000 0.0000000000 1.5707963268
0.0000000000 0.0000000000 1.6689710972
0.0000000000 0.0000000000 1.7671458676
0.0000000000 0.0000000000 1.8653206381
0.0000000000 0.0000000000 1.9634954085
primID: 6
startangle_c: 4
endpose_c: 0 0 3
additionalactioncostmult: 2
intermediateposes: 5
0.0000000000 0.0000000000 1.5707963268
0.0000000000 0.0000000000 1.4726215564
0.0000000000 0.0000000000 1.3744467859
0.0000000000 0.0000000000 1.2762720155
0.0000000000 0.0000000000 1.1780972451
primID: 0
startangle_c: 5
endpose_c: -1 2 5
additionalactioncostmult: 1
intermediateposes: 5
0.0000000000 0.0000000000 1.9634954085
-0.0007937500 0.0015875000 1.9634954085
-0.0015875000 0.0031750000 1.9634954085
-0.0023812500 0.0047625000 1.9634954085
-0.0031750000 0.0063500000 1.9634954085
primID: 1
startangle_c: 5
endpose_c: -3 6 5
additionalactioncostmult: 1
intermediateposes: 5
0.0000000000 0.0000000000 1.9634954085
-0.0023812500 0.0047625000 1.9634954085
-0.0047625000 0.0095250000 1.9634954085
-0.0071437500 0.0142875000 1.9634954085
-0.0095250000 0.0190500000 1.9634954085
primID: 2
startangle_c: 5
endpose_c: 1 -2 5
additionalactioncostmult: 4
intermediateposes: 5
0.0000000000 0.0000000000 1.9634954085
0.0007937500 -0.0015875000 1.9634954085
0.0015875000 -0.0031750000 1.9634954085
0.0023812500 -0.0047625000 1.9634954085
0.0031750000 -0.0063500000 1.9634954085
primID: 3
startangle_c: 5
endpose_c: -4 5 6
additionalactioncostmult: 10
intermediateposes: 5
0.0000000000 0.0000000000 1.9634954085
-0.0027225166 0.0042196661 2.0316733322
-0.0057543748 0.0082857312 2.0998512558
-0.0090843920 0.0121774782 2.1680291795
-0.0127000000 0.0158750000 2.2362071031
primID: 4
startangle_c: 5
endpose_c: -2 7 4
additionalactioncostmult: 10
intermediateposes: 5
0.0000000000 0.0000000000 1.9634954085
-0.0022301286 0.0053840066 1.9634954085
-0.0044088535 0.0107881808 1.9070475572
-0.0058612679 0.0164248085 1.7389219420
-0.0063500000 0.0222250000 1.5707963268
primID: 5
startangle_c: 5
endpose_c: 0 0 6
additionalactioncostmult: 2
intermediateposes: 5
0.0000000000 0.0000000000 1.9634954085
0.0000000000 0.0000000000 2.0616701789
0.0000000000 0.0000000000 2.1598449493
0.0000000000 0.0000000000 2.2580197198
0.0000000000 0.0000000000 2.3561944902
primID: 6
startangle_c: 5
endpose_c: 0 0 4
additionalactioncostmult: 2
intermediateposes: 5
0.0000000000 0.0000000000 1.9634954085
0.0000000000 0.0000000000 1.8653206381
0.0000000000 0.0000000000 1.7671458676
0.0000000000 0.0000000000 1.6689710972
0.0000000000 0.0000000000 1.5707963268
primID: 0
startangle_c: 6
endpose_c: -1 1 6
additionalactioncostmult: 1
intermediateposes: 5
0.0000000000 0.0000000000 2.3561944902
-0.0007937500 0.0007937500 2.3561944902
-0.0015875000 0.0015875000 2.3561944902
-0.0023812500 0.0023812500 2.3561944902
-0.0031750000 0.0031750000 2.3561944902
primID: 1
startangle_c: 6
endpose_c: -6 6 6
additionalactioncostmult: 1
intermediateposes: 5
0.0000000000 0.0000000000 2.3561944902
-0.0047625000 0.0047625000 2.3561944902
-0.0095250000 0.0095250000 2.3561944902
-0.0142875000 0.0142875000 2.3561944902
-0.0190500000 0.0190500000 2.3561944902
primID: 2
startangle_c: 6
endpose_c: 1 -1 6
additionalactioncostmult: 4
intermediateposes: 5
0.0000000000 0.0000000000 2.3561944902
0.0007937500 -0.0007937500 2.3561944902
0.0015875000 -0.0015875000 2.3561944902
0.0023812500 -0.0023812500 2.3561944902
0.0031750000 -0.0031750000 2.3561944902
primID: 3
startangle_c: 6
endpose_c: -7 5 7
additionalactioncostmult: 10
intermediateposes: 5
0.0000000000 0.0000000000 2.3561944902
-0.0049043213 0.0048284779 2.3988397312
-0.0102341037 0.0091774866 2.5155243448
-0.0160339557 0.0128764290 2.6322089583
-0.0222250000 0.0158750000 2.7488935719
primID: 4
startangle_c: 6
endpose_c: -5 7 5
additionalactioncostmult: 10
intermediateposes: 5
0.0000000000 0.0000000000 2.3561944902
-0.0048284779 0.0049043213 2.3135492492
-0.0091774866 0.0102341037 2.1968646356
-0.0128764290 0.0160339557 2.0801800221
-0.0158750000 0.0222250000 1.9634954085
primID: 5
startangle_c: 6
endpose_c: 0 0 7
additionalactioncostmult: 2
intermediateposes: 5
0.0000000000 0.0000000000 2.3561944902
0.0000000000 0.0000000000 2.4543692606
0.0000000000 0.0000000000 2.5525440310
0.0000000000 0.0000000000 2.6507188015
0.0000000000 0.0000000000 2.7488935719
primID: 6
startangle_c: 6
endpose_c: 0 0 5
additionalactioncostmult: 2
intermediateposes: 5
0.0000000000 0.0000000000 2.3561944902
0.0000000000 0.0000000000 2.2580197198
0.0000000000 0.0000000000 2.1598449493
0.0000000000 0.0000000000 2.0616701789
0.0000000000 0.0000000000 1.9634954085
primID: 0
startangle_c: 7
endpose_c: -2 1 7
additionalactioncostmult: 1
intermediateposes: 5
0.0000000000 0.0000000000 2.7488935719
-0.0015875000 0.0007937500 2.7488935719
-0.0031750000 0.0015875000 2.7488935719
-0.0047625000 0.0023812500 2.7488935719
-0.0063500000 0.0031750000 2.7488935719
primID: 1
startangle_c: 7
endpose_c: -6 3 7
additionalactioncostmult: 1
intermediateposes: 5
0.0000000000 0.0000000000 2.7488935719
-0.0047625000 0.0023812500 2.7488935719
-0.0095250000 0.0047625000 2.7488935719
-0.0142875000 0.0071437500 2.7488935719
-0.0190500000 0.0095250000 2.7488935719
primID: 2
startangle_c: 7
endpose_c: 2 -1 7
additionalactioncostmult: 4
intermediateposes: 5
0.0000000000 0.0000000000 2.7488935719
0.0015875000 -0.0007937500 2.7488935719
0.0031750000 -0.0015875000 2.7488935719
0.0047625000 -0.0023812500 2.7488935719
0.0063500000 -0.0031750000 2.7488935719
primID: 3
startangle_c: 7
endpose_c: -5 4 6
additionalactioncostmult: 10
intermediateposes: 5
0.0000000000 0.0000000000 2.7488935719
-0.0042196661 0.0027225166 2.6807156482
-0.0082857312 0.0057543748 2.6125377246
-0.0121774782 0.0090843920 2.5443598009
-0.0158750000 0.0127000000 2.4761818773
primID: 4
startangle_c: 7
endpose_c: -7 2 8
additionalactioncostmult: 10
intermediateposes: 5
0.0000000000 0.0000000000 2.7488935719
-0.0053840066 0.0022301286 2.7488935719
-0.0107881808 0.0044088535 2.8053414232
-0.0164248085 0.0058612679 2.9734670384
-0.0222250000 0.0063500000 3.1415926536
primID: 5
startangle_c: 7
endpose_c: 0 0 6
additionalactioncostmult: 2
intermediateposes: 5
0.0000000000 0.0000000000 2.7488935719
0.0000000000 0.0000000000 2.6507188015
0.0000000000 0.0000000000 2.5525440310
0.0000000000 0.0000000000 2.4543692606
0.0000000000 0.0000000000 2.3561944902
primID: 6
startangle_c: 7
endpose_c: 0 0 8
additionalactioncostmult: 2
intermediateposes: 5
0.0000000000 0.0000000000 2.7488935719
0.0000000000 0.0000000000 2.8470683423
0.0000000000 0.0000000000 2.9452431127
0.0000000000 0.0000000000 3.0434178832
0.0000000000 0.0000000000 3.1415926536
primID: 0
startangle_c: 8
endpose_c: -1 0 8
additionalactioncostmult: 1
intermediateposes: 5
0.0000000000 0.0000000000 3.1415926536
-0.0007937500 0.0000000000 3.1415926536
-0.0015875000 0.0000000000 3.1415926536
-0.0023812500 0.0000000000 3.1415926536
-0.0031750000 0.0000000000 3.1415926536
primID: 1
startangle_c: 8
endpose_c: -8 0 8
additionalactioncostmult: 1
intermediateposes: 5
0.0000000000 0.0000000000 3.1415926536
-0.0063500000 0.0000000000 3.1415926536
-0.0127000000 0.0000000000 3.1415926536
-0.0190500000 0.0000000000 3.1415926536
-0.0254000000 0.0000000000 3.1415926536
primID: 2
startangle_c: 8
endpose_c: 1 0 8
additionalactioncostmult: 4
intermediateposes: 5
0.0000000000 0.0000000000 3.1415926536
0.0007937500 0.0000000000 3.1415926536
0.0015875000 0.0000000000 3.1415926536
0.0023812500 0.0000000000 3.1415926536
0.0031750000 0.0000000000 3.1415926536
primID: 3
startangle_c: 8
endpose_c: -8 -1 9
additionalactioncostmult: 10
intermediateposes: 5
0.0000000000 0.0000000000 3.1415926536
-0.0064544387 0.0000000000 3.1415926536
-0.0129048737 -0.0001443133 3.2248020407
-0.0192699172 -0.0011753006 3.3795468880
-0.0254000000 -0.0031750000 3.5342917353
primID: 4
startangle_c: 8
endpose_c: -8 1 7
additionalactioncostmult: 10
intermediateposes: 5
0.0000000000 0.0000000000 3.1415926536
-0.0064544387 0.0000000000 3.1415926536
-0.0129048737 0.0001443133 3.0583832665
-0.0192699172 0.0011753006 2.9036384192
-0.0254000000 0.0031750000 2.7488935719
primID: 5
startangle_c: 8
endpose_c: 0 0 9
additionalactioncostmult: 2
intermediateposes: 5
0.0000000000 0.0000000000 3.1415926536
0.0000000000 0.0000000000 3.2397674240
0.0000000000 0.0000000000 3.3379421944
0.0000000000 0.0000000000 3.4361169649
0.0000000000 0.0000000000 3.5342917353
primID: 6
startangle_c: 8
endpose_c: 0 0 7
additionalactioncostmult: 2
intermediateposes: 5
0.0000000000 0.0000000000 3.1415926536
0.0000000000 0.0000000000 3.0434178832
0.0000000000 0.0000000000 2.9452431127
0.0000000000 0.0000000000 2.8470683423
0.0000000000 0.0000000000 2.7488935719
primID: 0
startangle_c: 9
endpose_c: -2 -1 9
additionalactioncostmult: 1
intermediateposes: 5
0.0000000000 0.0000000000 3.5342917353
-0.0015875000 -0.0007937500 3.5342917353
-0.0031750000 -0.0015875000 3.5342917353
-0.0047625000 -0.0023812500 3.5342917353
-0.0063500000 -0.0031750000 3.5342917353
primID: 1
startangle_c: 9
endpose_c: -6 -3 9
additionalactioncostmult: 1
intermediateposes: 5
0.0000000000 0.0000000000 3.5342917353
-0.0047625000 -0.0023812500 3.5342917353
-0.0095250000 -0.0047625000 3.5342917353
-0.0142875000 -0.0071437500 3.5342917353
-0.0190500000 -0.0095250000 3.5342917353
primID: 2
startangle_c: 9
endpose_c: 2 1 9
additionalactioncostmult: 4
intermediateposes: 5
0.0000000000 0.0000000000 3.5342917353
0.0015875000 0.0007937500 3.5342917353
0.0031750000 0.0015875000 3.5342917353
0.0047625000 0.0023812500 3.5342917353
0.0063500000 0.0031750000 3.5342917353
primID: 3
startangle_c: 9
endpose_c: -5 -4 10
additionalactioncostmult: 10
intermediateposes: 5
0.0000000000 0.0000000000 3.5342917353
-0.0042196661 -0.0027225166 3.6024696589
-0.0082857312 -0.0057543748 3.6706475826
-0.0121774782 -0.0090843920 3.7388255063
-0.0158750000 -0.0127000000 3.8070034299
primID: 4
startangle_c: 9
endpose_c: -7 -2 8
additionalactioncostmult: 10
intermediateposes: 5
0.0000000000 0.0000000000 3.5342917353
-0.0053840066 -0.0022301286 3.5342917353
-0.0107881808 -0.0044088535 3.4778438840
-0.0164248085 -0.0058612679 3.3097182688
-0.0222250000 -0.0063500000 3.1415926536
primID: 5
startangle_c: 9
endpose_c: 0 0 10
additionalactioncostmult: 2
intermediateposes: 5
0.0000000000 0.0000000000 3.5342917353
0.0000000000 0.0000000000 3.6324665057
0.0000000000 0.0000000000 3.7306412761
0.0000000000 0.0000000000 3.8288160466
0.0000000000 0.0000000000 3.9269908170
primID: 6
startangle_c: 9
endpose_c: 0 0 8
additionalactioncostmult: 2
intermediateposes: 5
0.0000000000 0.0000000000 3.5342917353
0.0000000000 0.0000000000 3.4361169649
0.0000000000 0.0000000000 3.3379421944
0.0000000000 0.0000000000 3.2397674240
0.0000000000 0.0000000000 3.1415926536
primID: 0
startangle_c: 10
endpose_c: -1 -1 10
additionalactioncostmult: 1
intermediateposes: 5
0.0000000000 0.0000000000 3.9269908170
-0.0007937500 -0.0007937500 3.9269908170
-0.0015875000 -0.0015875000 3.9269908170
-0.0023812500 -0.0023812500 3.9269908170
-0.0031750000 -0.0031750000 3.9269908170
primID: 1
startangle_c: 10
endpose_c: -6 -6 10
additionalactioncostmult: 1
intermediateposes: 5
0.0000000000 0.0000000000 3.9269908170
-0.0047625000 -0.0047625000 3.9269908170
-0.0095250000 -0.0095250000 3.9269908170
-0.0142875000 -0.0142875000 3.9269908170
-0.0190500000 -0.0190500000 3.9269908170
primID: 2
startangle_c: 10
endpose_c: 1 1 10
additionalactioncostmult: 4
intermediateposes: 5
0.0000000000 0.0000000000 3.9269908170
0.0007937500 0.0007937500 3.9269908170
0.0015875000 0.0015875000 3.9269908170
0.0023812500 0.0023812500 3.9269908170
0.0031750000 0.0031750000 3.9269908170
primID: 3
startangle_c: 10
endpose_c: -5 -7 11
additionalactioncostmult: 10
intermediateposes: 5
0.0000000000 0.0000000000 3.9269908170
-0.0048284779 -0.0049043213 3.9696360580
-0.0091774866 -0.0102341037 4.0863206716
-0.0128764290 -0.0160339557 4.2030052851
-0.0158750000 -0.0222250000 4.3196898987
primID: 4
startangle_c: 10
endpose_c: -7 -5 9
additionalactioncostmult: 10
intermediateposes: 5
0.0000000000 0.0000000000 3.9269908170
-0.0049043213 -0.0048284779 3.8843455760
-0.0102341037 -0.0091774866 3.7676609624
-0.0160339557 -0.0128764290 3.6509763489
-0.0222250000 -0.0158750000 3.5342917353
primID: 5
startangle_c: 10
endpose_c: 0 0 11
additionalactioncostmult: 2
intermediateposes: 5
0.0000000000 0.0000000000 3.9269908170
0.0000000000 0.0000000000 4.0251655874
0.0000000000 0.0000000000 4.1233403578
0.0000000000 0.0000000000 4.2215151283
0.0000000000 0.0000000000 4.3196898987
primID: 6
startangle_c: 10
endpose_c: 0 0 9
additionalactioncostmult: 2
intermediateposes: 5
0.0000000000 0.0000000000 3.9269908170
0.0000000000 0.0000000000 3.8288160466
0.0000000000 0.0000000000 3.7306412761
0.0000000000 0.0000000000 3.6324665057
0.0000000000 0.0000000000 3.5342917353
primID: 0
startangle_c: 11
endpose_c: -1 -2 11
additionalactioncostmult: 1
intermediateposes: 5
0.0000000000 0.0000000000 4.3196898987
-0.0007937500 -0.0015875000 4.3196898987
-0.0015875000 -0.0031750000 4.3196898987
-0.0023812500 -0.0047625000 4.3196898987
-0.0031750000 -0.0063500000 4.3196898987
primID: 1
startangle_c: 11
endpose_c: -3 -6 11
additionalactioncostmult: 1
intermediateposes: 5
0.0000000000 0.0000000000 4.3196898987
-0.0023812500 -0.0047625000 4.3196898987
-0.0047625000 -0.0095250000 4.3196898987
-0.0071437500 -0.0142875000 4.3196898987
-0.0095250000 -0.0190500000 4.3196898987
primID: 2
startangle_c: 11
endpose_c: 1 2 11
additionalactioncostmult: 4
intermediateposes: 5
0.0000000000 0.0000000000 4.3196898987
0.0007937500 0.0015875000 4.3196898987
0.0015875000 0.0031750000 4.3196898987
0.0023812500 0.0047625000 4.3196898987
0.0031750000 0.0063500000 4.3196898987
primID: 3
startangle_c: 11
endpose_c: -4 -5 10
additionalactioncostmult: 10
intermediateposes: 5
0.0000000000 0.0000000000 4.3196898987
-0.0027225166 -0.0042196661 4.2515119750
-0.0057543748 -0.0082857312 4.1833340514
-0.0090843920 -0.0121774782 4.1151561277
-0.0127000000 -0.0158750000 4.0469782041
primID: 4
startangle_c: 11
endpose_c: -2 -7 12
additionalactioncostmult: 10
intermediateposes: 5
0.0000000000 0.0000000000 4.3196898987
-0.0022301286 -0.0053840066 4.3196898987
-0.0044088535 -0.0107881808 4.3761377500
-0.0058612679 -0.0164248085 4.5442633652
-0.0063500000 -0.0222250000 4.7123889804
primID: 5
startangle_c: 11
endpose_c: 0 0 10
additionalactioncostmult: 2
intermediateposes: 5
0.0000000000 0.0000000000 4.3196898987
0.0000000000 0.0000000000 4.2215151283
0.0000000000 0.0000000000 4.1233403578
0.0000000000 0.0000000000 4.0251655874
0.0000000000 0.0000000000 3.9269908170
primID: 6
startangle_c: 11
endpose_c: 0 0 12
additionalactioncostmult: 2
intermediateposes: 5
0.0000000000 0.0000000000 4.3196898987
0.0000000000 0.0000000000 4.4178646691
0.0000000000 0.0000000000 4.5160394395
0.0000000000 0.0000000000 4.6142142100
0.0000000000 0.0000000000 4.7123889804
primID: 0
startangle_c: 12
endpose_c: 0 -1 12
additionalactioncostmult: 1
intermediateposes: 5
0.0000000000 0.0000000000 4.7123889804
0.0000000000 -0.0007937500 4.7123889804
0.0000000000 -0.0015875000 4.7123889804
0.0000000000 -0.0023812500 4.7123889804
0.0000000000 -0.0031750000 4.7123889804
primID: 1
startangle_c: 12
endpose_c: 0 -8 12
additionalactioncostmult: 1
intermediateposes: 5
0.0000000000 0.0000000000 4.7123889804
0.0000000000 -0.0063500000 4.7123889804
0.0000000000 -0.0127000000 4.7123889804
0.0000000000 -0.0190500000 4.7123889804
0.0000000000 -0.0254000000 4.7123889804
primID: 2
startangle_c: 12
endpose_c: 0 1 12
additionalactioncostmult: 4
intermediateposes: 5
0.0000000000 0.0000000000 4.7123889804
0.0000000000 0.0007937500 4.7123889804
0.0000000000 0.0015875000 4.7123889804
0.0000000000 0.0023812500 4.7123889804
0.0000000000 0.0031750000 4.7123889804
primID: 3
startangle_c: 12
endpose_c: 1 -8 13
additionalactioncostmult: 10
intermediateposes: 5
0.0000000000 0.0000000000 4.7123889804
-0.0000000000 -0.0064544387 4.7123889804
0.0001443133 -0.0129048737 4.7955983675
0.0011753006 -0.0192699172 4.9503432148
0.0031750000 -0.0254000000 5.1050880621
primID: 4
startangle_c: 12
endpose_c: -1 -8 11
additionalactioncostmult: 10
intermediateposes: 5
0.0000000000 0.0000000000 4.7123889804
-0.0000000000 -0.0064544387 4.7123889804
-0.0001443133 -0.0129048737 4.6291795933
-0.0011753006 -0.0192699172 4.4744347460
-0.0031750000 -0.0254000000 4.3196898987
primID: 5
startangle_c: 12
endpose_c: 0 0 13
additionalactioncostmult: 2
intermediateposes: 5
0.0000000000 0.0000000000 4.7123889804
0.0000000000 0.0000000000 4.8105637508
0.0000000000 0.0000000000 4.9087385212
0.0000000000 0.0000000000 5.0069132917
0.0000000000 0.0000000000 5.1050880621
primID: 6
startangle_c: 12
endpose_c: 0 0 11
additionalactioncostmult: 2
intermediateposes: 5
0.0000000000 0.0000000000 4.7123889804
0.0000000000 0.0000000000 4.6142142100
0.0000000000 0.0000000000 4.5160394395
0.0000000000 0.0000000000 4.4178646691
0.0000000000 0.0000000000 4.3196898987
primID: 0
startangle_c: 13
endpose_c: 1 -2 13
additionalactioncostmult: 1
intermediateposes: 5
0.0000000000 0.0000000000 5.1050880621
0.0007937500 -0.0015875000 5.1050880621
0.0015875000 -0.0031750000 5.1050880621
0.0023812500 -0.0047625000 5.1050880621
0.0031750000 -0.0063500000 5.1050880621
primID: 1
startangle_c: 13
endpose_c: 3 -6 13
additionalactioncostmult: 1
intermediateposes: 5
0.0000000000 0.0000000000 5.1050880621
0.0023812500 -0.0047625000 5.1050880621
0.0047625000 -0.0095250000 5.1050880621
0.0071437500 -0.0142875000 5.1050880621
0.0095250000 -0.0190500000 5.1050880621
primID: 2
startangle_c: 13
endpose_c: -1 2 13
additionalactioncostmult: 4
intermediateposes: 5
0.0000000000 0.0000000000 5.1050880621
-0.0007937500 0.0015875000 5.1050880621
-0.0015875000 0.0031750000 5.1050880621
-0.0023812500 0.0047625000 5.1050880621
-0.0031750000 0.0063500000 5.1050880621
primID: 3
startangle_c: 13
endpose_c: 4 -5 14
additionalactioncostmult: 10
intermediateposes: 5
0.0000000000 0.0000000000 5.1050880621
0.0027225166 -0.0042196661 5.1732659857
0.0057543748 -0.0082857312 5.2414439094
0.0090843920 -0.0121774782 5.3096218331
0.0127000000 -0.0158750000 5.3777997567
primID: 4
startangle_c: 13
endpose_c: 2 -7 12
additionalactioncostmult: 10
intermediateposes: 5
0.0000000000 0.0000000000 5.1050880621
0.0022301286 -0.0053840066 5.1050880621
0.0044088535 -0.0107881808 5.0486402108
0.0058612679 -0.0164248085 4.8805145956
0.0063500000 -0.0222250000 4.7123889804
primID: 5
startangle_c: 13
endpose_c: 0 0 14
additionalactioncostmult: 2
intermediateposes: 5
0.0000000000 0.0000000000 5.1050880621
0.0000000000 0.0000000000 5.2032628325
0.0000000000 0.0000000000 5.3014376029
0.0000000000 0.0000000000 5.3996123734
0.0000000000 0.0000000000 5.4977871438
primID: 6
startangle_c: 13
endpose_c: 0 0 12
additionalactioncostmult: 2
intermediateposes: 5
0.0000000000 0.0000000000 5.1050880621
0.0000000000 0.0000000000 5.0069132917
0.0000000000 0.0000000000 4.9087385212
0.0000000000 0.0000000000 4.8105637508
0.0000000000 0.0000000000 4.7123889804
primID: 0
startangle_c: 14
endpose_c: 1 -1 14
additionalactioncostmult: 1
intermediateposes: 5
0.0000000000 0.0000000000 5.4977871438
0.0007937500 -0.0007937500 5.4977871438
0.0015875000 -0.0015875000 5.4977871438
0.0023812500 -0.0023812500 5.4977871438
0.0031750000 -0.0031750000 5.4977871438
primID: 1
startangle_c: 14
endpose_c: 6 -6 14
additionalactioncostmult: 1
intermediateposes: 5
0.0000000000 0.0000000000 5.4977871438
0.0047625000 -0.0047625000 5.4977871438
0.0095250000 -0.0095250000 5.4977871438
0.0142875000 -0.0142875000 5.4977871438
0.0190500000 -0.0190500000 5.4977871438
primID: 2
startangle_c: 14
endpose_c: -1 1 14
additionalactioncostmult: 4
intermediateposes: 5
0.0000000000 0.0000000000 5.4977871438
-0.0007937500 0.0007937500 5.4977871438
-0.0015875000 0.0015875000 5.4977871438
-0.0023812500 0.0023812500 5.4977871438
-0.0031750000 0.0031750000 5.4977871438
primID: 3
startangle_c: 14
endpose_c: 7 -5 15
additionalactioncostmult: 10
intermediateposes: 5
0.0000000000 0.0000000000 5.4977871438
0.0049043213 -0.0048284779 5.5404323848
0.0102341037 -0.0091774866 5.6571169983
0.0160339557 -0.0128764290 5.7738016119
0.0222250000 -0.0158750000 5.8904862255
primID: 4
startangle_c: 14
endpose_c: 5 -7 13
additionalactioncostmult: 10
intermediateposes: 5
0.0000000000 0.0000000000 5.4977871438
0.0048284779 -0.0049043213 5.4551419028
0.0091774866 -0.0102341037 5.3384572892
0.0128764290 -0.0160339557 5.2217726756
0.0158750000 -0.0222250000 5.1050880621
primID: 5
startangle_c: 14
endpose_c: 0 0 15
additionalactioncostmult: 2
intermediateposes: 5
0.0000000000 0.0000000000 5.4977871438
0.0000000000 0.0000000000 5.5959619142
0.0000000000 0.0000000000 5.6941366846
0.0000000000 0.0000000000 5.7923114551
0.0000000000 0.0000000000 5.8904862255
primID: 6
startangle_c: 14
endpose_c: 0 0 13
additionalactioncostmult: 2
intermediateposes: 5
0.0000000000 0.0000000000 5.4977871438
0.0000000000 0.0000000000 5.3996123734
0.0000000000 0.0000000000 5.3014376029
0.0000000000 0.0000000000 5.2032628325
0.0000000000 0.0000000000 5.1050880621
primID: 0
startangle_c: 15
endpose_c: 2 -1 15
additionalactioncostmult: 1
intermediateposes: 5
0.0000000000 0.0000000000 5.8904862255
0.0015875000 -0.0007937500 5.8904862255
0.0031750000 -0.0015875000 5.8904862255
0.0047625000 -0.0023812500 5.8904862255
0.0063500000 -0.0031750000 5.8904862255
primID: 1
startangle_c: 15
endpose_c: 6 -3 15
additionalactioncostmult: 1
intermediateposes: 5
0.0000000000 0.0000000000 5.8904862255
0.0047625000 -0.0023812500 5.8904862255
0.0095250000 -0.0047625000 5.8904862255
0.0142875000 -0.0071437500 5.8904862255
0.0190500000 -0.0095250000 5.8904862255
primID: 2
startangle_c: 15
endpose_c: -2 1 15
additionalactioncostmult: 4
intermediateposes: 5
0.0000000000 0.0000000000 5.8904862255
-0.0015875000 0.0007937500 5.8904862255
-0.0031750000 0.0015875000 5.8904862255
-0.0047625000 0.0023812500 5.8904862255
-0.0063500000 0.0031750000 5.8904862255
primID: 3
startangle_c: 15
endpose_c: 5 -4 14
additionalactioncostmult: 10
intermediateposes: 5
0.0000000000 0.0000000000 5.8904862255
0.0042196661 -0.0027225166 5.8223083018
0.0082857312 -0.0057543748 5.7541303782
0.0121774782 -0.0090843920 5.6859524545
0.0158750000 -0.0127000000 5.6177745308
primID: 4
startangle_c: 15
endpose_c: 7 -2 0
additionalactioncostmult: 10
intermediateposes: 5
0.0000000000 0.0000000000 5.8904862255
0.0053840066 -0.0022301286 5.8904862255
0.0107881808 -0.0044088535 5.9469340768
0.0164248085 -0.0058612679 6.1150596920
0.0222250000 -0.0063500000 6.2831853072
primID: 5
startangle_c: 15
endpose_c: 0 0 14
additionalactioncostmult: 2
intermediateposes: 5
0.0000000000 0.0000000000 5.8904862255
0.0000000000 0.0000000000 5.7923114551
0.0000000000 0.0000000000 5.6941366846
0.0000000000 0.0000000000 5.5959619142
0.0000000000 0.0000000000 5.4977871438
primID: 6
startangle_c: 15
endpose_c: 0 0 0
additionalactioncostmult: 2
intermediateposes: 5
0.0000000000 0.0000000000 5.8904862255
0.0000000000 0.0000000000 4.4178646691
0.0000000000 0.0000000000 2.9452431127
0.0000000000 0.0000000000 1.4726215564
0.0000000000 0.0000000000 0.0000000000
